 255 100 100
 254 101 101
 254 102 102
 254 103 103
 254 105 104
 254 106 106
 254 107 107
 254 108 108
 254 110 109
 254 111 110
 254 112 112
 254 113 113
 254 115 114
 254 116 115
 254 117 117
 254 118 118
 254 120 119
 254 121 120
 254 122 121
 254 123 123
 254 125 124
 254 126 125
 254 127 126
 254 128 128
 253 130 129
 253 131 130
 253 132 131
 253 134 132
 253 135 134
 253 136 135
 253 137 136
 253 139 137
 253 140 138
 253 141 140
 253 142 141
 253 144 142
 253 145 143
 253 146 145
 253 147 146
 253 149 147
 253 150 148
 253 151 149
 253 152 151
 253 154 152
 253 155 153
 253 156 154
 253 157 156
 253 159 157
 252 160 158
 252 161 159
 252 163 160
 252 164 162
 252 165 163
 252 166 164
 252 168 165
 252 169 167
 252 170 168
 252 171 169
 252 173 170
 252 174 171
 252 175 173
 252 176 174
 252 178 175
 252 179 176
 252 180 177
 252 181 179
 252 183 180
 252 184 181
 252 185 182
 252 186 184
 252 188 185
 252 189 186
 251 190 187
 251 192 188
 251 193 190
 251 194 191
 251 195 192
 251 197 193
 251 198 195
 251 199 196
 251 200 197
 251 202 198
 251 203 199
 251 204 201
 251 205 202
 251 207 203
 251 208 204
 251 209 206
 251 210 207
 251 212 208
 251 213 209
 251 214 210
 251 215 212
 251 217 213
 251 218 214
 251 219 215
 250 221 216
 250 222 218
 250 223 219
 250 224 220
 250 226 221
 250 227 223
 250 228 224
 250 229 225
 250 231 226
 250 232 227
 250 233 229
 250 234 230
 250 236 231
 250 237 232
 250 238 234
 250 239 235
 250 241 236
 250 242 237
 250 243 238
 250 244 240
 250 246 241
 250 247 242
 250 248 243
 250 250 245
 250 250 245
 250 250 245
 250 250 245
 250 250 245
 250 250 245
 250 250 245
 250 250 245
 250 250 245
 250 250 245
 250 250 245
 250 250 245
 250 250 245
 250 250 245
 250 250 245
 250 250 245
 250 250 245
 248 248 245
 247 247 245
 246 246 245
 244 244 245
 243 243 245
 242 242 245
 241 241 245
 239 239 245
 238 238 245
 237 237 245
 236 236 245
 234 234 246
 233 233 246
 232 232 246
 231 231 246
 229 229 246
 228 228 246
 227 227 246
 226 226 246
 224 224 246
 223 223 246
 222 222 246
 221 221 246
 219 219 247
 218 218 247
 217 217 247
 215 215 247
 214 214 247
 213 213 247
 212 212 247
 210 210 247
 209 209 247
 208 208 247
 207 207 247
 205 205 247
 204 204 248
 203 203 248
 202 202 248
 200 200 248
 199 199 248
 198 198 248
 197 197 248
 195 195 248
 194 194 248
 193 193 248
 192 192 248
 190 190 248
 189 189 249
 188 188 249
 186 186 249
 185 185 249
 184 184 249
 183 183 249
 181 181 249
 180 180 249
 179 179 249
 178 178 249
 176 176 249
 175 175 249
 174 174 250
 173 173 250
 171 171 250
 170 170 250
 169 169 250
 168 168 250
 166 166 250
 165 165 250
 164 164 250
 163 163 250
 161 161 250
 160 160 250
 159 159 251
 157 157 251
 156 156 251
 155 155 251
 154 154 251
 152 152 251
 151 151 251
 150 150 251
 149 149 251
 147 147 251
 146 146 251
 145 145 251
 144 144 252
 142 142 252
 141 141 252
 140 140 252
 139 139 252
 137 137 252
 136 136 252
 135 135 252
 134 134 252
 132 132 252
 131 131 252
 130 130 252
 128 128 253
 127 127 253
 126 126 253
 125 125 253
 123 123 253
 122 122 253
 121 121 253
 120 120 253
 118 118 253
 117 117 253
 116 116 253
 115 115 253
 113 113 254
 112 112 254
 111 111 254
 110 110 254
 108 108 254
 107 107 254
 106 106 254
 105 105 254
 103 103 254
 102 102 254
 101 101 254
 100 100 255
