1000	3 1 45 90 2 4 0 0 12 24	10098    3
1000	3 1 45 90 2 4 0 0 12 24	10090     2
1000	3 1 45 90 2 4 0 0 12 24	10099    3
1000	3 1 45 90 2 4 0 0 12 24	10091     2
1000	3 1 45 90 2 4 0 0 12 24	10079    3
1000	3 1 45 90 2 4 0 0 12 24	10071     2
1000	3 1 45 90 2 4 0 0 12 24	10078    3
1000	3 1 45 90 2 4 0 0 12 24	10070     2
1000	3 1 45 90 2 4 0 0 12 24	10158    3
1000	3 1 45 90 2 4 0 0 12 24	10150     2
1000	3 1 45 90 2 4 0 0 12 24	10159    3
1000	3 1 45 90 2 4 0 0 12 24	10151     2
1000	3 1 45 90 2 4 0 0 12 24	10059    3
1000	3 1 45 90 2 4 0 0 12 24	10051     2
1000	3 1 45 90 2 4 0 0 12 24	10058    3
1000	3 1 45 90 2 4 0 0 12 24	10050     2
1000	3 1 45 90 2 4 0 0 12 24	10138    3
1000	3 1 45 90 2 4 0 0 12 24	10130     2
1000	3 1 45 90 2 4 0 0 12 24	10139    3
1000	3 1 45 90 2 4 0 0 12 24	10131     2
1000	3 1 45 90 2 4 0 0 12 24	10119    3
1000	3 1 45 90 2 4 0 0 12 24	10111     2
1000	3 1 45 90 2 4 0 0 12 24	10118    3
1000	3 1 45 90 2 4 0 0 12 24	10110     2
1000	3 1 45 90 2 4 0 0 12 24	10098    3
1000	3 1 45 90 2 4 0 0 12 24	10093     2
1000	3 1 45 90 2 4 0 0 12 24	10099    3
1000	3 1 45 90 2 4 0 0 12 24	10092     2
1000	3 1 45 90 2 4 0 0 12 24	10079    3
1000	3 1 45 90 2 4 0 0 12 24	10072     2
1000	3 1 45 90 2 4 0 0 12 24	10078    3
1000	3 1 45 90 2 4 0 0 12 24	10073     2
1000	3 1 45 90 2 4 0 0 12 24	10158    3
1000	3 1 45 90 2 4 0 0 12 24	10153     2
1000	3 1 45 90 2 4 0 0 12 24	10159    3
1000	3 1 45 90 2 4 0 0 12 24	10152     2
1000	3 1 45 90 2 4 0 0 12 24	10059    3
1000	3 1 45 90 2 4 0 0 12 24	10052     2
1000	3 1 45 90 2 4 0 0 12 24	10058    3
1000	3 1 45 90 2 4 0 0 12 24	10053     2
1000	3 1 45 90 2 4 0 0 12 24	10138    3
1000	3 1 45 90 2 4 0 0 12 24	10133     2
1000	3 1 45 90 2 4 0 0 12 24	10139    3
1000	3 1 45 90 2 4 0 0 12 24	10132     2
1000	3 1 45 90 2 4 0 0 12 24	10119    3
1000	3 1 45 90 2 4 0 0 12 24	10112     2
1000	3 1 45 90 2 4 0 0 12 24	10118    3
1000	3 1 45 90 2 4 0 0 12 24	10113     2
1001	3 1 45 135 2 6 0 0 12 36 10098   3
1001	3 1 45 135 2 6 0 0 12 36 10094    2
1001	3 1 45 135 2 6 0 0 12 36 10099   3
1001	3 1 45 135 2 6 0 0 12 36 10095    2
1001	3 1 45 135 2 6 0 0 12 36 10079   3
1001	3 1 45 135 2 6 0 0 12 36 10075    2
1001	3 1 45 135 2 6 0 0 12 36 10078   3
1001	3 1 45 135 2 6 0 0 12 36 10074    2
1001	3 1 45 135 2 6 0 0 12 36 10158   3
1001	3 1 45 135 2 6 0 0 12 36 10154    2
1001	3 1 45 135 2 6 0 0 12 36 10159   3
1001	3 1 45 135 2 6 0 0 12 36 10155    2
1001	3 1 45 135 2 6 0 0 12 36 10059   3
1001	3 1 45 135 2 6 0 0 12 36 10055    2
1001	3 1 45 135 2 6 0 0 12 36 10058   3
1001	3 1 45 135 2 6 0 0 12 36 10054    2
1001	3 1 45 135 2 6 0 0 12 36 10138   3
1001	3 1 45 135 2 6 0 0 12 36 10134    2
1001	3 1 45 135 2 6 0 0 12 36 10139   3
1001	3 1 45 135 2 6 0 0 12 36 10135    2
1001	3 1 45 135 2 6 0 0 12 36 10119   3
1001	3 1 45 135 2 6 0 0 12 36 10115    2
1001	3 1 45 135 2 6 0 0 12 36 10118   3
1001	3 1 45 135 2 6 0 0 12 36 10114    2
1001	3 1 45 135 2 6 0 0 12 36 10098   3
1001	3 1 45 135 2 6 0 0 12 36 10097    2
1001	3 1 45 135 2 6 0 0 12 36 10099   3
1001	3 1 45 135 2 6 0 0 12 36 10096    2
1001	3 1 45 135 2 6 0 0 12 36 10079   3
1001	3 1 45 135 2 6 0 0 12 36 10076    2
1001	3 1 45 135 2 6 0 0 12 36 10078   3
1001	3 1 45 135 2 6 0 0 12 36 10077    2
1001	3 1 45 135 2 6 0 0 12 36 10158   3
1001	3 1 45 135 2 6 0 0 12 36 10157    2
1001	3 1 45 135 2 6 0 0 12 36 10159   3
1001	3 1 45 135 2 6 0 0 12 36 10156    2
1001	3 1 45 135 2 6 0 0 12 36 10059   3
1001	3 1 45 135 2 6 0 0 12 36 10056    2
1001	3 1 45 135 2 6 0 0 12 36 10058   3
1001	3 1 45 135 2 6 0 0 12 36 10057    2
1001	3 1 45 135 2 6 0 0 12 36 10138   3
1001	3 1 45 135 2 6 0 0 12 36 10137    2
1001	3 1 45 135 2 6 0 0 12 36 10139   3
1001	3 1 45 135 2 6 0 0 12 36 10136    2
1001	3 1 45 135 2 6 0 0 12 36 10119   3
1001	3 1 45 135 2 6 0 0 12 36 10116    2
1001	3 1 45 135 2 6 0 0 12 36 10118   3
1001	3 1 45 135 2 6 0 0 12 36 10117    2
1001	3 1 45 135 2 6 0 0 12 36 10098   3
1001	3 1 45 135 2 6 0 0 12 36 10098    2
1001	3 1 45 135 2 6 0 0 12 36 10099   3
1001	3 1 45 135 2 6 0 0 12 36 10099    2
1001	3 1 45 135 2 6 0 0 12 36 10079   3
1001	3 1 45 135 2 6 0 0 12 36 10079    2
1001	3 1 45 135 2 6 0 0 12 36 10078   3
1001	3 1 45 135 2 6 0 0 12 36 10078    2
1001	3 1 45 135 2 6 0 0 12 36 10158   3
1001	3 1 45 135 2 6 0 0 12 36 10158    2
1001	3 1 45 135 2 6 0 0 12 36 10159   3
1001	3 1 45 135 2 6 0 0 12 36 10159    2
1001	3 1 45 135 2 6 0 0 12 36 10059   3
1001	3 1 45 135 2 6 0 0 12 36 10059    2
1001	3 1 45 135 2 6 0 0 12 36 10058   3
1001	3 1 45 135 2 6 0 0 12 36 10058    2
1001	3 1 45 135 2 6 0 0 12 36 10138   3
1001	3 1 45 135 2 6 0 0 12 36 10138    2
1001	3 1 45 135 2 6 0 0 12 36 10139   3
1001	3 1 45 135 2 6 0 0 12 36 10139    2
1001	3 1 45 135 2 6 0 0 12 36 10119   3
1001	3 1 45 135 2 6 0 0 12 36 10119    2
1001	3 1 45 135 2 6 0 0 12 36 10118   3
1001	3 1 45 135 2 6 0 0 12 36 10118    2
1002	3 1 45 90 2 8 0 1 12 48	10098    3
1002	3 1 45 90 2 8 0 1 12 48	10094     2
1002	3 1 45 90 2 8 0 1 12 48	10099    3
1002	3 1 45 90 2 8 0 1 12 48	10095     2
1002	3 1 45 90 2 8 0 1 12 48	10079    3
1002	3 1 45 90 2 8 0 1 12 48	10075     2
1002	3 1 45 90 2 8 0 1 12 48	10078    3
1002	3 1 45 90 2 8 0 1 12 48	10074     2
1002	3 1 45 90 2 8 0 1 12 48	10158    3
1002	3 1 45 90 2 8 0 1 12 48	10154     2
1002	3 1 45 90 2 8 0 1 12 48	10159    3
1002	3 1 45 90 2 8 0 1 12 48	10155     2
1002	3 1 45 90 2 8 0 1 12 48	10059    3
1002	3 1 45 90 2 8 0 1 12 48	10055     2
1002	3 1 45 90 2 8 0 1 12 48	10058    3
1002	3 1 45 90 2 8 0 1 12 48	10054     2
1002	3 1 45 90 2 8 0 1 12 48	10138    3
1002	3 1 45 90 2 8 0 1 12 48	10134     2
1002	3 1 45 90 2 8 0 1 12 48	10139    3
1002	3 1 45 90 2 8 0 1 12 48	10135     2
1002	3 1 45 90 2 8 0 1 12 48	10119    3
1002	3 1 45 90 2 8 0 1 12 48	10115     2
1002	3 1 45 90 2 8 0 1 12 48	10118    3
1002	3 1 45 90 2 8 0 1 12 48	10114     2
1002	3 1 45 90 2 8 0 1 12 48	10098    3
1002	3 1 45 90 2 8 0 1 12 48	10097     2
1002	3 1 45 90 2 8 0 1 12 48	10099    3
1002	3 1 45 90 2 8 0 1 12 48	10096     2
1002	3 1 45 90 2 8 0 1 12 48	10079    3
1002	3 1 45 90 2 8 0 1 12 48	10076     2
1002	3 1 45 90 2 8 0 1 12 48	10078    3
1002	3 1 45 90 2 8 0 1 12 48	10077     2
1002	3 1 45 90 2 8 0 1 12 48	10158    3
1002	3 1 45 90 2 8 0 1 12 48	10157     2
1002	3 1 45 90 2 8 0 1 12 48	10159    3
1002	3 1 45 90 2 8 0 1 12 48	10156     2
1002	3 1 45 90 2 8 0 1 12 48	10059    3
1002	3 1 45 90 2 8 0 1 12 48	10056     2
1002	3 1 45 90 2 8 0 1 12 48	10058    3
1002	3 1 45 90 2 8 0 1 12 48	10057     2
1002	3 1 45 90 2 8 0 1 12 48	10138    3
1002	3 1 45 90 2 8 0 1 12 48	10137     2
1002	3 1 45 90 2 8 0 1 12 48	10139    3
1002	3 1 45 90 2 8 0 1 12 48	10136     2
1002	3 1 45 90 2 8 0 1 12 48	10119    3
1002	3 1 45 90 2 8 0 1 12 48	10116     2
1002	3 1 45 90 2 8 0 1 12 48	10118    3
1002	3 1 45 90 2 8 0 1 12 48	10117     2
1003	3 3 45 45 2 2 0 0 12 12	10098    3
1003	3 3 45 45 2 2 0 0 12 12	10098     2
1003	3 3 45 45 2 2 0 0 12 12	10099    3
1003	3 3 45 45 2 2 0 0 12 12	10099     2
1003	3 3 45 45 2 2 0 0 12 12	10079    3
1003	3 3 45 45 2 2 0 0 12 12	10079     2
1003	3 3 45 45 2 2 0 0 12 12	10078    3
1003	3 3 45 45 2 2 0 0 12 12	10078     2
1003	3 3 45 45 2 2 0 0 12 12	10158    3
1003	3 3 45 45 2 2 0 0 12 12	10158     2
1003	3 3 45 45 2 2 0 0 12 12	10159    3
1003	3 3 45 45 2 2 0 0 12 12	10159     2
1003	3 3 45 45 2 2 0 0 12 12	10059    3
1003	3 3 45 45 2 2 0 0 12 12	10059     2
1003	3 3 45 45 2 2 0 0 12 12	10058    3
1003	3 3 45 45 2 2 0 0 12 12	10058     2
1003	3 3 45 45 2 2 0 0 12 12	10138    3
1003	3 3 45 45 2 2 0 0 12 12	10138     2
1003	3 3 45 45 2 2 0 0 12 12	10139    3
1003	3 3 45 45 2 2 0 0 12 12	10139     2
1003	3 3 45 45 2 2 0 0 12 12	10119    3
1003	3 3 45 45 2 2 0 0 12 12	10119     2
1003	3 3 45 45 2 2 0 0 12 12	10118    3
1003	3 3 45 45 2 2 0 0 12 12	10118     2
1004	2 1 45 45 4 4 1 1 24 24	10090    3
1004	2 1 45 45 4 4 1 1 24 24	10093     2
1004	2 1 45 45 4 4 1 1 24 24	10091    3
1004	2 1 45 45 4 4 1 1 24 24	10092     2
1004	2 1 45 45 4 4 1 1 24 24	10071    3
1004	2 1 45 45 4 4 1 1 24 24	10072     2
1004	2 1 45 45 4 4 1 1 24 24	10070    3
1004	2 1 45 45 4 4 1 1 24 24	10073     2
1004	2 1 45 45 4 4 1 1 24 24	10150    3
1004	2 1 45 45 4 4 1 1 24 24	10153     2
1004	2 1 45 45 4 4 1 1 24 24	10151    3
1004	2 1 45 45 4 4 1 1 24 24	10152     2
1004	2 1 45 45 4 4 1 1 24 24	10051    3
1004	2 1 45 45 4 4 1 1 24 24	10052     2
1004	2 1 45 45 4 4 1 1 24 24	10050    3
1004	2 1 45 45 4 4 1 1 24 24	10053     2
1004	2 1 45 45 4 4 1 1 24 24	10130    3
1004	2 1 45 45 4 4 1 1 24 24	10133     2
1004	2 1 45 45 4 4 1 1 24 24	10131    3
1004	2 1 45 45 4 4 1 1 24 24	10132     2
1004	2 1 45 45 4 4 1 1 24 24	10111    3
1004	2 1 45 45 4 4 1 1 24 24	10112     2
1004	2 1 45 45 4 4 1 1 24 24	10110    3
1004	2 1 45 45 4 4 1 1 24 24	10113     2
58310	3 1 45 90 2 4 0 0 12 24	10098    3
58310	3 1 45 90 2 4 0 0 12 24	10090     2
58310	3 1 45 90 2 4 0 0 12 24	10099    3
58310	3 1 45 90 2 4 0 0 12 24	10091     2
58310	3 1 45 90 2 4 0 0 12 24	10079    3
58310	3 1 45 90 2 4 0 0 12 24	10070     2
58310	3 1 45 90 2 4 0 0 12 24	10078    3
58310	3 1 45 90 2 4 0 0 12 24	10071     2
58310	3 1 45 90 2 4 0 0 12 24	10158    3
58310	3 1 45 90 2 4 0 0 12 24	10150     2
58310	3 1 45 90 2 4 0 0 12 24	10159    3
58310	3 1 45 90 2 4 0 0 12 24	10151     2
58310	3 1 45 90 2 4 0 0 12 24	10059    3
58310	3 1 45 90 2 4 0 0 12 24	10050     2
58310	3 1 45 90 2 4 0 0 12 24	10058    3
58310	3 1 45 90 2 4 0 0 12 24	10051     2
58310	3 1 45 90 2 4 0 0 12 24	10138    3
58310	3 1 45 90 2 4 0 0 12 24	10130     2
58310	3 1 45 90 2 4 0 0 12 24	10139    3
58310	3 1 45 90 2 4 0 0 12 24	10131     2
58310	3 1 45 90 2 4 0 0 12 24	10119    3
58310	3 1 45 90 2 4 0 0 12 24	10110     2
58310	3 1 45 90 2 4 0 0 12 24	10118    3
58310	3 1 45 90 2 4 0 0 12 24	10111     2
58310	3 1 45 90 2 4 0 0 12 24	10098    3
58310	3 1 45 90 2 4 0 0 12 24	10092     2
58310	3 1 45 90 2 4 0 0 12 24	10099    3
58310	3 1 45 90 2 4 0 0 12 24	10093     2
58310	3 1 45 90 2 4 0 0 12 24	10079    3
58310	3 1 45 90 2 4 0 0 12 24	10072     2
58310	3 1 45 90 2 4 0 0 12 24	10078    3
58310	3 1 45 90 2 4 0 0 12 24	10073     2
58310	3 1 45 90 2 4 0 0 12 24	10158    3
58310	3 1 45 90 2 4 0 0 12 24	10152     2
58310	3 1 45 90 2 4 0 0 12 24	10159    3
58310	3 1 45 90 2 4 0 0 12 24	10153     2
58310	3 1 45 90 2 4 0 0 12 24	10059    3
58310	3 1 45 90 2 4 0 0 12 24	10052     2
58310	3 1 45 90 2 4 0 0 12 24	10058    3
58310	3 1 45 90 2 4 0 0 12 24	10053     2
58310	3 1 45 90 2 4 0 0 12 24	10138    3
58310	3 1 45 90 2 4 0 0 12 24	10132     2
58310	3 1 45 90 2 4 0 0 12 24	10139    3
58310	3 1 45 90 2 4 0 0 12 24	10133     2
58310	3 1 45 90 2 4 0 0 12 24	10119    3
58310	3 1 45 90 2 4 0 0 12 24	10112     2
58310	3 1 45 90 2 4 0 0 12 24	10118    3
58310	3 1 45 90 2 4 0 0 12 24	10113     2
58311	3 1 45 135 2 6 0 0 12 36 10098   3
58311	3 1 45 135 2 6 0 0 12 36 10094    2
58311	3 1 45 135 2 6 0 0 12 36 10099   3
58311	3 1 45 135 2 6 0 0 12 36 10095    2
58311	3 1 45 135 2 6 0 0 12 36 10079   3
58311	3 1 45 135 2 6 0 0 12 36 10074    2
58311	3 1 45 135 2 6 0 0 12 36 10078   3
58311	3 1 45 135 2 6 0 0 12 36 10075    2
58311	3 1 45 135 2 6 0 0 12 36 10158   3
58311	3 1 45 135 2 6 0 0 12 36 10154    2
58311	3 1 45 135 2 6 0 0 12 36 10159   3
58311	3 1 45 135 2 6 0 0 12 36 10155    2
58311	3 1 45 135 2 6 0 0 12 36 10059   3
58311	3 1 45 135 2 6 0 0 12 36 10054    2
58311	3 1 45 135 2 6 0 0 12 36 10058   3
58311	3 1 45 135 2 6 0 0 12 36 10055    2
58311	3 1 45 135 2 6 0 0 12 36 10138   3
58311	3 1 45 135 2 6 0 0 12 36 10134    2
58311	3 1 45 135 2 6 0 0 12 36 10139   3
58311	3 1 45 135 2 6 0 0 12 36 10135    2
58311	3 1 45 135 2 6 0 0 12 36 10119   3
58311	3 1 45 135 2 6 0 0 12 36 10114    2
58311	3 1 45 135 2 6 0 0 12 36 10118   3
58311	3 1 45 135 2 6 0 0 12 36 10115    2
58311	3 1 45 135 2 6 0 0 12 36 10098   3
58311	3 1 45 135 2 6 0 0 12 36 10096    2
58311	3 1 45 135 2 6 0 0 12 36 10099   3
58311	3 1 45 135 2 6 0 0 12 36 10097    2
58311	3 1 45 135 2 6 0 0 12 36 10079   3
58311	3 1 45 135 2 6 0 0 12 36 10076    2
58311	3 1 45 135 2 6 0 0 12 36 10078   3
58311	3 1 45 135 2 6 0 0 12 36 10077    2
58311	3 1 45 135 2 6 0 0 12 36 10158   3
58311	3 1 45 135 2 6 0 0 12 36 10156    2
58311	3 1 45 135 2 6 0 0 12 36 10159   3
58311	3 1 45 135 2 6 0 0 12 36 10157    2
58311	3 1 45 135 2 6 0 0 12 36 10059   3
58311	3 1 45 135 2 6 0 0 12 36 10056    2
58311	3 1 45 135 2 6 0 0 12 36 10058   3
58311	3 1 45 135 2 6 0 0 12 36 10057    2
58311	3 1 45 135 2 6 0 0 12 36 10138   3
58311	3 1 45 135 2 6 0 0 12 36 10136    2
58311	3 1 45 135 2 6 0 0 12 36 10139   3
58311	3 1 45 135 2 6 0 0 12 36 10137    2
58311	3 1 45 135 2 6 0 0 12 36 10119   3
58311	3 1 45 135 2 6 0 0 12 36 10116    2
58311	3 1 45 135 2 6 0 0 12 36 10118   3
58311	3 1 45 135 2 6 0 0 12 36 10117    2
58311	3 1 45 135 2 6 0 0 12 36 10098   3
58311	3 1 45 135 2 6 0 0 12 36 10098    2
58311	3 1 45 135 2 6 0 0 12 36 10099   3
58311	3 1 45 135 2 6 0 0 12 36 10099    2
58311	3 1 45 135 2 6 0 0 12 36 10079   3
58311	3 1 45 135 2 6 0 0 12 36 10078    2
58311	3 1 45 135 2 6 0 0 12 36 10078   3
58311	3 1 45 135 2 6 0 0 12 36 10079    2
58311	3 1 45 135 2 6 0 0 12 36 10158   3
58311	3 1 45 135 2 6 0 0 12 36 10158    2
58311	3 1 45 135 2 6 0 0 12 36 10159   3
58311	3 1 45 135 2 6 0 0 12 36 10159    2
58311	3 1 45 135 2 6 0 0 12 36 10059   3
58311	3 1 45 135 2 6 0 0 12 36 10058    2
58311	3 1 45 135 2 6 0 0 12 36 10058   3
58311	3 1 45 135 2 6 0 0 12 36 10059    2
58311	3 1 45 135 2 6 0 0 12 36 10138   3
58311	3 1 45 135 2 6 0 0 12 36 10138    2
58311	3 1 45 135 2 6 0 0 12 36 10139   3
58311	3 1 45 135 2 6 0 0 12 36 10139    2
58311	3 1 45 135 2 6 0 0 12 36 10119   3
58311	3 1 45 135 2 6 0 0 12 36 10118    2
58311	3 1 45 135 2 6 0 0 12 36 10118   3
58311	3 1 45 135 2 6 0 0 12 36 10119    2
58312	3 1 45 90 2 8 0 1 12 48	10098    3
58312	3 1 45 90 2 8 0 1 12 48	10094     2
58312	3 1 45 90 2 8 0 1 12 48	10099    3
58312	3 1 45 90 2 8 0 1 12 48	10095     2
58312	3 1 45 90 2 8 0 1 12 48	10079    3
58312	3 1 45 90 2 8 0 1 12 48	10074     2
58312	3 1 45 90 2 8 0 1 12 48	10078    3
58312	3 1 45 90 2 8 0 1 12 48	10075     2
58312	3 1 45 90 2 8 0 1 12 48	10158    3
58312	3 1 45 90 2 8 0 1 12 48	10154     2
58312	3 1 45 90 2 8 0 1 12 48	10159    3
58312	3 1 45 90 2 8 0 1 12 48	10155     2
58312	3 1 45 90 2 8 0 1 12 48	10059    3
58312	3 1 45 90 2 8 0 1 12 48	10054     2
58312	3 1 45 90 2 8 0 1 12 48	10058    3
58312	3 1 45 90 2 8 0 1 12 48	10055     2
58312	3 1 45 90 2 8 0 1 12 48	10138    3
58312	3 1 45 90 2 8 0 1 12 48	10134     2
58312	3 1 45 90 2 8 0 1 12 48	10139    3
58312	3 1 45 90 2 8 0 1 12 48	10135     2
58312	3 1 45 90 2 8 0 1 12 48	10119    3
58312	3 1 45 90 2 8 0 1 12 48	10114     2
58312	3 1 45 90 2 8 0 1 12 48	10118    3
58312	3 1 45 90 2 8 0 1 12 48	10115     2
58312	3 1 45 90 2 8 0 1 12 48	10098    3
58312	3 1 45 90 2 8 0 1 12 48	10096     2
58312	3 1 45 90 2 8 0 1 12 48	10099    3
58312	3 1 45 90 2 8 0 1 12 48	10097     2
58312	3 1 45 90 2 8 0 1 12 48	10079    3
58312	3 1 45 90 2 8 0 1 12 48	10076     2
58312	3 1 45 90 2 8 0 1 12 48	10078    3
58312	3 1 45 90 2 8 0 1 12 48	10077     2
58312	3 1 45 90 2 8 0 1 12 48	10158    3
58312	3 1 45 90 2 8 0 1 12 48	10156     2
58312	3 1 45 90 2 8 0 1 12 48	10159    3
58312	3 1 45 90 2 8 0 1 12 48	10157     2
58312	3 1 45 90 2 8 0 1 12 48	10059    3
58312	3 1 45 90 2 8 0 1 12 48	10056     2
58312	3 1 45 90 2 8 0 1 12 48	10058    3
58312	3 1 45 90 2 8 0 1 12 48	10057     2
58312	3 1 45 90 2 8 0 1 12 48	10138    3
58312	3 1 45 90 2 8 0 1 12 48	10136     2
58312	3 1 45 90 2 8 0 1 12 48	10139    3
58312	3 1 45 90 2 8 0 1 12 48	10137     2
58312	3 1 45 90 2 8 0 1 12 48	10119    3
58312	3 1 45 90 2 8 0 1 12 48	10116     2
58312	3 1 45 90 2 8 0 1 12 48	10118    3
58312	3 1 45 90 2 8 0 1 12 48	10117     2
58313	3 3 45 45 2 2 0 0 12 12	10098    3
58313	3 3 45 45 2 2 0 0 12 12	10098     2
58313	3 3 45 45 2 2 0 0 12 12	10099    3
58313	3 3 45 45 2 2 0 0 12 12	10099     2
58313	3 3 45 45 2 2 0 0 12 12	10079    3
58313	3 3 45 45 2 2 0 0 12 12	10079     2
58313	3 3 45 45 2 2 0 0 12 12	10078    3
58313	3 3 45 45 2 2 0 0 12 12	10078     2
58313	3 3 45 45 2 2 0 0 12 12	10158    3
58313	3 3 45 45 2 2 0 0 12 12	10158     2
58313	3 3 45 45 2 2 0 0 12 12	10159    3
58313	3 3 45 45 2 2 0 0 12 12	10159     2
58313	3 3 45 45 2 2 0 0 12 12	10059    3
58313	3 3 45 45 2 2 0 0 12 12	10059     2
58313	3 3 45 45 2 2 0 0 12 12	10058    3
58313	3 3 45 45 2 2 0 0 12 12	10058     2
58313	3 3 45 45 2 2 0 0 12 12	10138    3
58313	3 3 45 45 2 2 0 0 12 12	10138     2
58313	3 3 45 45 2 2 0 0 12 12	10139    3
58313	3 3 45 45 2 2 0 0 12 12	10139     2
58313	3 3 45 45 2 2 0 0 12 12	10119    3
58313	3 3 45 45 2 2 0 0 12 12	10119     2
58313	3 3 45 45 2 2 0 0 12 12	10118    3
58313	3 3 45 45 2 2 0 0 12 12	10118     2
58365	3 3 45 45 2 2 0 0 12 12	10098    3
58365	3 3 45 45 2 2 0 0 12 12	10098     2
58365	3 3 45 45 2 2 0 0 12 12	10099    3
58365	3 3 45 45 2 2 0 0 12 12	10099     2
58365	3 3 45 45 2 2 0 0 12 12	10079    3
58365	3 3 45 45 2 2 0 0 12 12	10079     2
58365	3 3 45 45 2 2 0 0 12 12	10078    3
58365	3 3 45 45 2 2 0 0 12 12	10078     2
58365	3 3 45 45 2 2 0 0 12 12	10158    3
58365	3 3 45 45 2 2 0 0 12 12	10158     2
58365	3 3 45 45 2 2 0 0 12 12	10159    3
58365	3 3 45 45 2 2 0 0 12 12	10159     2
58365	3 3 45 45 2 2 0 0 12 12	10059    3
58365	3 3 45 45 2 2 0 0 12 12	10059     2
58365	3 3 45 45 2 2 0 0 12 12	10058    3
58365	3 3 45 45 2 2 0 0 12 12	10058     2
58365	3 3 45 45 2 2 0 0 12 12	10138    3
58365	3 3 45 45 2 2 0 0 12 12	10138     2
58365	3 3 45 45 2 2 0 0 12 12	10139    3
58365	3 3 45 45 2 2 0 0 12 12	10139     2
58365	3 3 45 45 2 2 0 0 12 12	10119    3
58365	3 3 45 45 2 2 0 0 12 12	10119     2
58365	3 3 45 45 2 2 0 0 12 12	10118    3
58365	3 3 45 45 2 2 0 0 12 12	10118     2
58314	2 1 45 45 4 4 1 1 24 24	10090    3
58314	2 1 45 45 4 4 1 1 24 24	10092     2
58314	2 1 45 45 4 4 1 1 24 24	10091    3
58314	2 1 45 45 4 4 1 1 24 24	10093     2
58314	2 1 45 45 4 4 1 1 24 24	10070    3
58314	2 1 45 45 4 4 1 1 24 24	10072     2
58314	2 1 45 45 4 4 1 1 24 24	10071    3
58314	2 1 45 45 4 4 1 1 24 24	10073     2
58314	2 1 45 45 4 4 1 1 24 24	10150    3
58314	2 1 45 45 4 4 1 1 24 24	10152     2
58314	2 1 45 45 4 4 1 1 24 24	10151    3
58314	2 1 45 45 4 4 1 1 24 24	10153     2
58314	2 1 45 45 4 4 1 1 24 24	10050    3
58314	2 1 45 45 4 4 1 1 24 24	10052     2
58314	2 1 45 45 4 4 1 1 24 24	10051    3
58314	2 1 45 45 4 4 1 1 24 24	10053     2
58314	2 1 45 45 4 4 1 1 24 24	10130    3
58314	2 1 45 45 4 4 1 1 24 24	10132     2
58314	2 1 45 45 4 4 1 1 24 24	10131    3
58314	2 1 45 45 4 4 1 1 24 24	10133     2
58314	2 1 45 45 4 4 1 1 24 24	10110    3
58314	2 1 45 45 4 4 1 1 24 24	10112     2
58314	2 1 45 45 4 4 1 1 24 24	10111    3
58314	2 1 45 45 4 4 1 1 24 24	10113     2
58317   3 3 22.5 22.5 2 2 1 1 12 12 10098	3
58317   3 3 22.5 22.5 2 2 1 1 12 12 10099	  2
58317   3 3 22.5 22.5 2 2 1 1 12 12 10079	 3
58317   3 3 22.5 22.5 2 2 1 1 12 12 10078	  2
58317   3 3 22.5 22.5 2 2 1 1 12 12 10158	 3
58317   3 3 22.5 22.5 2 2 1 1 12 12 10159	  2
58317   3 3 22.5 22.5 2 2 1 1 12 12 10059	 3
58317   3 3 22.5 22.5 2 2 1 1 12 12 10058	  2
58317   3 3 22.5 22.5 2 2 1 1 12 12 10138	 3
58317   3 3 22.5 22.5 2 2 1 1 12 12 10139	  2
58317   3 3 22.5 22.5 2 2 1 1 12 12 10119	 3
58317   3 3 22.5 22.5 2 2 1 1 12 12 10118	  2
58319   3 3 45 45 2 2 0 0 12 12 10098   3
58319   3 3 45 45 2 2 0 0 12 12 10098   2
58319   3 3 45 45 2 2 0 0 12 12 10099   3
58319   3 3 45 45 2 2 0 0 12 12 10099   2
58319   3 3 45 45 2 2 0 0 12 12 10079   3
58319   3 3 45 45 2 2 0 0 12 12 10079   2
58319   3 3 45 45 2 2 0 0 12 12 10078   3
58319   3 3 45 45 2 2 0 0 12 12 10078   2
58319   3 3 45 45 2 2 0 0 12 12 10158   3
58319   3 3 45 45 2 2 0 0 12 12 10158   2
58319   3 3 45 45 2 2 0 0 12 12 10159   3
58319   3 3 45 45 2 2 0 0 12 12 10159   2
58319   3 3 45 45 2 2 0 0 12 12 10059   3
58319   3 3 45 45 2 2 0 0 12 12 10059   2
58319   3 3 45 45 2 2 0 0 12 12 10058   3
58319   3 3 45 45 2 2 0 0 12 12 10058   2
58319   3 3 45 45 2 2 0 0 12 12 10138   3
58319   3 3 45 45 2 2 0 0 12 12 10138   2
58319   3 3 45 45 2 2 0 0 12 12 10139   3
58319   3 3 45 45 2 2 0 0 12 12 10139   2
58319   3 3 45 45 2 2 0 0 12 12 10119   3
58319   3 3 45 45 2 2 0 0 12 12 10119   2
58319   3 3 45 45 2 2 0 0 12 12 10118   3
58319   3 3 45 45 2 2 0 0 12 12 10118   2
58394   3 1 75 150 2 4 0 0 20 40 10098	3
58394   3 1 75 150 2 4 0 0 20 40 10090	2
58394   3 1 75 150 2 4 0 0 20 40 10099	3
58394   3 1 75 150 2 4 0 0 20 40 10091	2
58394   3 1 75 150 2 4 0 0 20 40 10078	3
58394   3 1 75 150 2 4 0 0 20 40 10070	2
58394   3 1 75 150 2 4 0 0 20 40 10079	3
58394   3 1 75 150 2 4 0 0 20 40 10071	2
58394   3 1 75 150 2 4 0 0 20 40 10158	3
58394   3 1 75 150 2 4 0 0 20 40 10150	2
58394   3 1 75 150 2 4 0 0 20 40 10159	3
58394   3 1 75 150 2 4 0 0 20 40 10151	2
58394   3 1 75 150 2 4 0 0 20 40 10038	3
58394   3 1 75 150 2 4 0 0 20 40 10030	2
58394   3 1 75 150 2 4 0 0 20 40 10039	3
58394   3 1 75 150 2 4 0 0 20 40 10031	2
58394   3 1 75 150 2 4 0 0 20 40 10198	3
58394   3 1 75 150 2 4 0 0 20 40 10190	2
58394   3 1 75 150 2 4 0 0 20 40 10199	3
58394   3 1 75 150 2 4 0 0 20 40 10191	2
58394   3 1 75 150 2 4 0 0 20 40 10018	3
58394   3 1 75 150 2 4 0 0 20 40 10010	2
58394   3 1 75 150 2 4 0 0 20 40 10019	3
58394   3 1 75 150 2 4 0 0 20 40 10011	2
58394   3 1 75 150 2 4 0 0 20 40 10178	3
58394   3 1 75 150 2 4 0 0 20 40 10170	2
58394   3 1 75 150 2 4 0 0 20 40 10179	3
58394   3 1 75 150 2 4 0 0 20 40 10171	2
58394   3 1 75 150 2 4 0 0 20 40 10058	3
58394   3 1 75 150 2 4 0 0 20 40 10050	2
58394   3 1 75 150 2 4 0 0 20 40 10059	3
58394   3 1 75 150 2 4 0 0 20 40 10051	2
58394   3 1 75 150 2 4 0 0 20 40 10138	3
58394   3 1 75 150 2 4 0 0 20 40 10130	2
58394   3 1 75 150 2 4 0 0 20 40 10139	3
58394   3 1 75 150 2 4 0 0 20 40 10131	2
58394   3 1 75 150 2 4 0 0 20 40 10118	3
58394   3 1 75 150 2 4 0 0 20 40 10110	2
58394   3 1 75 150 2 4 0 0 20 40 10119	3
58394   3 1 75 150 2 4 0 0 20 40 10111	2
58401	3 1 45 135 2 6 0 0 12 36 10098   3
58401	3 1 45 135 2 6 0 0 12 36 10094    2
58401	3 1 45 135 2 6 0 0 12 36 10099   3
58401	3 1 45 135 2 6 0 0 12 36 10095    2
58401	3 1 45 135 2 6 0 0 12 36 10079   3
58401	3 1 45 135 2 6 0 0 12 36 10075    2
58401	3 1 45 135 2 6 0 0 12 36 10078   3
58401	3 1 45 135 2 6 0 0 12 36 10074    2
58401	3 1 45 135 2 6 0 0 12 36 10158   3
58401	3 1 45 135 2 6 0 0 12 36 10154    2
58401	3 1 45 135 2 6 0 0 12 36 10159   3
58401	3 1 45 135 2 6 0 0 12 36 10155    2
58401	3 1 45 135 2 6 0 0 12 36 10059   3
58401	3 1 45 135 2 6 0 0 12 36 10055    2
58401	3 1 45 135 2 6 0 0 12 36 10058   3
58401	3 1 45 135 2 6 0 0 12 36 10054    2
58401	3 1 45 135 2 6 0 0 12 36 10138   3
58401	3 1 45 135 2 6 0 0 12 36 10134    2
58401	3 1 45 135 2 6 0 0 12 36 10139   3
58401	3 1 45 135 2 6 0 0 12 36 10135    2
58401	3 1 45 135 2 6 0 0 12 36 10119   3
58401	3 1 45 135 2 6 0 0 12 36 10115    2
58401	3 1 45 135 2 6 0 0 12 36 10118   3
58401	3 1 45 135 2 6 0 0 12 36 10114    2
58401	3 1 45 135 2 6 0 0 12 36 10098   3
58401	3 1 45 135 2 6 0 0 12 36 10097    2
58401	3 1 45 135 2 6 0 0 12 36 10099   3
58401	3 1 45 135 2 6 0 0 12 36 10096    2
58401	3 1 45 135 2 6 0 0 12 36 10079   3
58401	3 1 45 135 2 6 0 0 12 36 10076    2
58401	3 1 45 135 2 6 0 0 12 36 10078   3
58401	3 1 45 135 2 6 0 0 12 36 10077    2
58401	3 1 45 135 2 6 0 0 12 36 10158   3
58401	3 1 45 135 2 6 0 0 12 36 10157    2
58401	3 1 45 135 2 6 0 0 12 36 10159   3
58401	3 1 45 135 2 6 0 0 12 36 10156    2
58401	3 1 45 135 2 6 0 0 12 36 10059   3
58401	3 1 45 135 2 6 0 0 12 36 10056    2
58401	3 1 45 135 2 6 0 0 12 36 10058   3
58401	3 1 45 135 2 6 0 0 12 36 10057    2
58401	3 1 45 135 2 6 0 0 12 36 10138   3
58401	3 1 45 135 2 6 0 0 12 36 10137    2
58401	3 1 45 135 2 6 0 0 12 36 10139   3
58401	3 1 45 135 2 6 0 0 12 36 10136    2
58401	3 1 45 135 2 6 0 0 12 36 10119   3
58401	3 1 45 135 2 6 0 0 12 36 10116    2
58401	3 1 45 135 2 6 0 0 12 36 10118   3
58401	3 1 45 135 2 6 0 0 12 36 10117    2
58401	3 1 45 135 2 6 0 0 12 36 10098   3
58401	3 1 45 135 2 6 0 0 12 36 10098    2
58401	3 1 45 135 2 6 0 0 12 36 10099   3
58401	3 1 45 135 2 6 0 0 12 36 10099    2
58401	3 1 45 135 2 6 0 0 12 36 10079   3
58401	3 1 45 135 2 6 0 0 12 36 10079    2
58401	3 1 45 135 2 6 0 0 12 36 10078   3
58401	3 1 45 135 2 6 0 0 12 36 10078    2
58401	3 1 45 135 2 6 0 0 12 36 10158   3
58401	3 1 45 135 2 6 0 0 12 36 10158    2
58401	3 1 45 135 2 6 0 0 12 36 10159   3
58401	3 1 45 135 2 6 0 0 12 36 10159    2
58401	3 1 45 135 2 6 0 0 12 36 10059   3
58401	3 1 45 135 2 6 0 0 12 36 10059    2
58401	3 1 45 135 2 6 0 0 12 36 10058   3
58401	3 1 45 135 2 6 0 0 12 36 10058    2
58401	3 1 45 135 2 6 0 0 12 36 10138   3
58401	3 1 45 135 2 6 0 0 12 36 10138    2
58401	3 1 45 135 2 6 0 0 12 36 10139   3
58401	3 1 45 135 2 6 0 0 12 36 10139    2
58401	3 1 45 135 2 6 0 0 12 36 10119   3
58401	3 1 45 135 2 6 0 0 12 36 10119    2
58401	3 1 45 135 2 6 0 0 12 36 10118   3
58401	3 1 45 135 2 6 0 0 12 36 10118    2
58407	3 1 45 135 2 6 0 0 12 36 10098   3
58407	3 1 45 135 2 6 0 0 12 36 10094    2
58407	3 1 45 135 2 6 0 0 12 36 10099   3
58407	3 1 45 135 2 6 0 0 12 36 10095    2
58407	3 1 45 135 2 6 0 0 12 36 10079   3
58407	3 1 45 135 2 6 0 0 12 36 10075    2
58407	3 1 45 135 2 6 0 0 12 36 10078   3
58407	3 1 45 135 2 6 0 0 12 36 10074    2
58407	3 1 45 135 2 6 0 0 12 36 10158   3
58407	3 1 45 135 2 6 0 0 12 36 10154    2
58407	3 1 45 135 2 6 0 0 12 36 10159   3
58407	3 1 45 135 2 6 0 0 12 36 10155    2
58407	3 1 45 135 2 6 0 0 12 36 10059   3
58407	3 1 45 135 2 6 0 0 12 36 10055    2
58407	3 1 45 135 2 6 0 0 12 36 10058   3
58407	3 1 45 135 2 6 0 0 12 36 10054    2
58407	3 1 45 135 2 6 0 0 12 36 10138   3
58407	3 1 45 135 2 6 0 0 12 36 10134    2
58407	3 1 45 135 2 6 0 0 12 36 10139   3
58407	3 1 45 135 2 6 0 0 12 36 10135    2
58407	3 1 45 135 2 6 0 0 12 36 10119   3
58407	3 1 45 135 2 6 0 0 12 36 10115    2
58407	3 1 45 135 2 6 0 0 12 36 10118   3
58407	3 1 45 135 2 6 0 0 12 36 10114    2
58407	3 1 45 135 2 6 0 0 12 36 10098   3
58407	3 1 45 135 2 6 0 0 12 36 10097    2
58407	3 1 45 135 2 6 0 0 12 36 10099   3
58407	3 1 45 135 2 6 0 0 12 36 10096    2
58407	3 1 45 135 2 6 0 0 12 36 10079   3
58407	3 1 45 135 2 6 0 0 12 36 10076    2
58407	3 1 45 135 2 6 0 0 12 36 10078   3
58407	3 1 45 135 2 6 0 0 12 36 10077    2
58407	3 1 45 135 2 6 0 0 12 36 10158   3
58407	3 1 45 135 2 6 0 0 12 36 10157    2
58407	3 1 45 135 2 6 0 0 12 36 10159   3
58407	3 1 45 135 2 6 0 0 12 36 10156    2
58407	3 1 45 135 2 6 0 0 12 36 10059   3
58407	3 1 45 135 2 6 0 0 12 36 10056    2
58407	3 1 45 135 2 6 0 0 12 36 10058   3
58407	3 1 45 135 2 6 0 0 12 36 10057    2
58407	3 1 45 135 2 6 0 0 12 36 10138   3
58407	3 1 45 135 2 6 0 0 12 36 10137    2
58407	3 1 45 135 2 6 0 0 12 36 10139   3
58407	3 1 45 135 2 6 0 0 12 36 10136    2
58407	3 1 45 135 2 6 0 0 12 36 10119   3
58407	3 1 45 135 2 6 0 0 12 36 10116    2
58407	3 1 45 135 2 6 0 0 12 36 10118   3
58407	3 1 45 135 2 6 0 0 12 36 10117    2
58407	3 1 45 135 2 6 0 0 12 36 10098   3
58407	3 1 45 135 2 6 0 0 12 36 10098    2
58407	3 1 45 135 2 6 0 0 12 36 10099   3
58407	3 1 45 135 2 6 0 0 12 36 10099    2
58407	3 1 45 135 2 6 0 0 12 36 10079   3
58407	3 1 45 135 2 6 0 0 12 36 10079    2
58407	3 1 45 135 2 6 0 0 12 36 10078   3
58407	3 1 45 135 2 6 0 0 12 36 10078    2
58407	3 1 45 135 2 6 0 0 12 36 10158   3
58407	3 1 45 135 2 6 0 0 12 36 10158    2
58407	3 1 45 135 2 6 0 0 12 36 10159   3
58407	3 1 45 135 2 6 0 0 12 36 10159    2
58407	3 1 45 135 2 6 0 0 12 36 10059   3
58407	3 1 45 135 2 6 0 0 12 36 10059    2
58407	3 1 45 135 2 6 0 0 12 36 10058   3
58407	3 1 45 135 2 6 0 0 12 36 10058    2
58407	3 1 45 135 2 6 0 0 12 36 10138   3
58407	3 1 45 135 2 6 0 0 12 36 10138    2
58407	3 1 45 135 2 6 0 0 12 36 10139   3
58407	3 1 45 135 2 6 0 0 12 36 10139    2
58407	3 1 45 135 2 6 0 0 12 36 10119   3
58407	3 1 45 135 2 6 0 0 12 36 10119    2
58407	3 1 45 135 2 6 0 0 12 36 10118   3
58407	3 1 45 135 2 6 0 0 12 36 10118    2
58408	3 1 45 135 2 6 0 0 12 36 10098   3
58408	3 1 45 135 2 6 0 0 12 36 10094    2
58408	3 1 45 135 2 6 0 0 12 36 10099   3
58408	3 1 45 135 2 6 0 0 12 36 10095    2
58408	3 1 45 135 2 6 0 0 12 36 10079   3
58408	3 1 45 135 2 6 0 0 12 36 10075    2
58408	3 1 45 135 2 6 0 0 12 36 10078   3
58408	3 1 45 135 2 6 0 0 12 36 10074    2
58408	3 1 45 135 2 6 0 0 12 36 10158   3
58408	3 1 45 135 2 6 0 0 12 36 10154    2
58408	3 1 45 135 2 6 0 0 12 36 10159   3
58408	3 1 45 135 2 6 0 0 12 36 10155    2
58408	3 1 45 135 2 6 0 0 12 36 10059   3
58408	3 1 45 135 2 6 0 0 12 36 10055    2
58408	3 1 45 135 2 6 0 0 12 36 10058   3
58408	3 1 45 135 2 6 0 0 12 36 10054    2
58408	3 1 45 135 2 6 0 0 12 36 10138   3
58408	3 1 45 135 2 6 0 0 12 36 10134    2
58408	3 1 45 135 2 6 0 0 12 36 10139   3
58408	3 1 45 135 2 6 0 0 12 36 10135    2
58408	3 1 45 135 2 6 0 0 12 36 10119   3
58408	3 1 45 135 2 6 0 0 12 36 10115    2
58408	3 1 45 135 2 6 0 0 12 36 10118   3
58408	3 1 45 135 2 6 0 0 12 36 10114    2
58408	3 1 45 135 2 6 0 0 12 36 10098   3
58408	3 1 45 135 2 6 0 0 12 36 10097    2
58408	3 1 45 135 2 6 0 0 12 36 10099   3
58408	3 1 45 135 2 6 0 0 12 36 10096    2
58408	3 1 45 135 2 6 0 0 12 36 10079   3
58408	3 1 45 135 2 6 0 0 12 36 10076    2
58408	3 1 45 135 2 6 0 0 12 36 10078   3
58408	3 1 45 135 2 6 0 0 12 36 10077    2
58408	3 1 45 135 2 6 0 0 12 36 10158   3
58408	3 1 45 135 2 6 0 0 12 36 10157    2
58408	3 1 45 135 2 6 0 0 12 36 10159   3
58408	3 1 45 135 2 6 0 0 12 36 10156    2
58408	3 1 45 135 2 6 0 0 12 36 10059   3
58408	3 1 45 135 2 6 0 0 12 36 10056    2
58408	3 1 45 135 2 6 0 0 12 36 10058   3
58408	3 1 45 135 2 6 0 0 12 36 10057    2
58408	3 1 45 135 2 6 0 0 12 36 10138   3
58408	3 1 45 135 2 6 0 0 12 36 10137    2
58408	3 1 45 135 2 6 0 0 12 36 10139   3
58408	3 1 45 135 2 6 0 0 12 36 10136    2
58408	3 1 45 135 2 6 0 0 12 36 10119   3
58408	3 1 45 135 2 6 0 0 12 36 10116    2
58408	3 1 45 135 2 6 0 0 12 36 10118   3
58408	3 1 45 135 2 6 0 0 12 36 10117    2
58408	3 1 45 135 2 6 0 0 12 36 10098   3
58408	3 1 45 135 2 6 0 0 12 36 10098    2
58408	3 1 45 135 2 6 0 0 12 36 10099   3
58408	3 1 45 135 2 6 0 0 12 36 10099    2
58408	3 1 45 135 2 6 0 0 12 36 10079   3
58408	3 1 45 135 2 6 0 0 12 36 10079    2
58408	3 1 45 135 2 6 0 0 12 36 10078   3
58408	3 1 45 135 2 6 0 0 12 36 10078    2
58408	3 1 45 135 2 6 0 0 12 36 10158   3
58408	3 1 45 135 2 6 0 0 12 36 10158    2
58408	3 1 45 135 2 6 0 0 12 36 10159   3
58408	3 1 45 135 2 6 0 0 12 36 10159    2
58408	3 1 45 135 2 6 0 0 12 36 10059   3
58408	3 1 45 135 2 6 0 0 12 36 10059    2
58408	3 1 45 135 2 6 0 0 12 36 10058   3
58408	3 1 45 135 2 6 0 0 12 36 10058    2
58408	3 1 45 135 2 6 0 0 12 36 10138   3
58408	3 1 45 135 2 6 0 0 12 36 10138    2
58408	3 1 45 135 2 6 0 0 12 36 10139   3
58408	3 1 45 135 2 6 0 0 12 36 10139    2
58408	3 1 45 135 2 6 0 0 12 36 10119   3
58408	3 1 45 135 2 6 0 0 12 36 10119    2
58408	3 1 45 135 2 6 0 0 12 36 10118   3
58408	3 1 45 135 2 6 0 0 12 36 10118    2
2000	3 1 45 135 2 6 0 0 12 36 10098   3
2000	3 1 45 135 2 6 0 0 12 36 10094    2
2000	3 1 45 135 2 6 0 0 12 36 10099   3
2000	3 1 45 135 2 6 0 0 12 36 10095    2
2000	3 1 45 135 2 6 0 0 12 36 10079   3
2000	3 1 45 135 2 6 0 0 12 36 10075    2
2000	3 1 45 135 2 6 0 0 12 36 10078   3
2000	3 1 45 135 2 6 0 0 12 36 10074    2
2000	3 1 45 135 2 6 0 0 12 36 10158   3
2000	3 1 45 135 2 6 0 0 12 36 10154    2
2000	3 1 45 135 2 6 0 0 12 36 10159   3
2000	3 1 45 135 2 6 0 0 12 36 10155    2
2000	3 1 45 135 2 6 0 0 12 36 10059   3
2000	3 1 45 135 2 6 0 0 12 36 10055    2
2000	3 1 45 135 2 6 0 0 12 36 10058   3
2000	3 1 45 135 2 6 0 0 12 36 10054    2
2000	3 1 45 135 2 6 0 0 12 36 10138   3
2000	3 1 45 135 2 6 0 0 12 36 10134    2
2000	3 1 45 135 2 6 0 0 12 36 10139   3
2000	3 1 45 135 2 6 0 0 12 36 10135    2
2000	3 1 45 135 2 6 0 0 12 36 10119   3
2000	3 1 45 135 2 6 0 0 12 36 10115    2
2000	3 1 45 135 2 6 0 0 12 36 10118   3
2000	3 1 45 135 2 6 0 0 12 36 10114    2
2000	3 1 45 135 2 6 0 0 12 36 10098   3
2000	3 1 45 135 2 6 0 0 12 36 10097    2
2000	3 1 45 135 2 6 0 0 12 36 10099   3
2000	3 1 45 135 2 6 0 0 12 36 10096    2
2000	3 1 45 135 2 6 0 0 12 36 10079   3
2000	3 1 45 135 2 6 0 0 12 36 10076    2
2000	3 1 45 135 2 6 0 0 12 36 10078   3
2000	3 1 45 135 2 6 0 0 12 36 10077    2
2000	3 1 45 135 2 6 0 0 12 36 10158   3
2000	3 1 45 135 2 6 0 0 12 36 10157    2
2000	3 1 45 135 2 6 0 0 12 36 10159   3
2000	3 1 45 135 2 6 0 0 12 36 10156    2
2000	3 1 45 135 2 6 0 0 12 36 10059   3
2000	3 1 45 135 2 6 0 0 12 36 10056    2
2000	3 1 45 135 2 6 0 0 12 36 10058   3
2000	3 1 45 135 2 6 0 0 12 36 10057    2
2000	3 1 45 135 2 6 0 0 12 36 10138   3
2000	3 1 45 135 2 6 0 0 12 36 10137    2
2000	3 1 45 135 2 6 0 0 12 36 10139   3
2000	3 1 45 135 2 6 0 0 12 36 10136    2
2000	3 1 45 135 2 6 0 0 12 36 10119   3
2000	3 1 45 135 2 6 0 0 12 36 10116    2
2000	3 1 45 135 2 6 0 0 12 36 10118   3
2000	3 1 45 135 2 6 0 0 12 36 10117    2
2000	3 1 45 135 2 6 0 0 12 36 10098   3
2000	3 1 45 135 2 6 0 0 12 36 10098    2
2000	3 1 45 135 2 6 0 0 12 36 10099   3
2000	3 1 45 135 2 6 0 0 12 36 10099    2
2000	3 1 45 135 2 6 0 0 12 36 10079   3
2000	3 1 45 135 2 6 0 0 12 36 10079    2
2000	3 1 45 135 2 6 0 0 12 36 10078   3
2000	3 1 45 135 2 6 0 0 12 36 10078    2
2000	3 1 45 135 2 6 0 0 12 36 10158   3
2000	3 1 45 135 2 6 0 0 12 36 10158    2
2000	3 1 45 135 2 6 0 0 12 36 10159   3
2000	3 1 45 135 2 6 0 0 12 36 10159    2
2000	3 1 45 135 2 6 0 0 12 36 10059   3
2000	3 1 45 135 2 6 0 0 12 36 10059    2
2000	3 1 45 135 2 6 0 0 12 36 10058   3
2000	3 1 45 135 2 6 0 0 12 36 10058    2
2000	3 1 45 135 2 6 0 0 12 36 10138   3
2000	3 1 45 135 2 6 0 0 12 36 10138    2
2000	3 1 45 135 2 6 0 0 12 36 10139   3
2000	3 1 45 135 2 6 0 0 12 36 10139    2
2000	3 1 45 135 2 6 0 0 12 36 10119   3
2000	3 1 45 135 2 6 0 0 12 36 10119    2
2000	3 1 45 135 2 6 0 0 12 36 10118   3
2000	3 1 45 135 2 6 0 0 12 36 10118    2
2001	3 1 45 135 2 6 0 0 12 36 10098   3
2001	3 1 45 135 2 6 0 0 12 36 10094    2
2001	3 1 45 135 2 6 0 0 12 36 10099   3
2001	3 1 45 135 2 6 0 0 12 36 10095    2
2001	3 1 45 135 2 6 0 0 12 36 10079   3
2001	3 1 45 135 2 6 0 0 12 36 10075    2
2001	3 1 45 135 2 6 0 0 12 36 10078   3
2001	3 1 45 135 2 6 0 0 12 36 10074    2
2001	3 1 45 135 2 6 0 0 12 36 10158   3
2001	3 1 45 135 2 6 0 0 12 36 10154    2
2001	3 1 45 135 2 6 0 0 12 36 10159   3
2001	3 1 45 135 2 6 0 0 12 36 10155    2
2001	3 1 45 135 2 6 0 0 12 36 10059   3
2001	3 1 45 135 2 6 0 0 12 36 10055    2
2001	3 1 45 135 2 6 0 0 12 36 10058   3
2001	3 1 45 135 2 6 0 0 12 36 10054    2
2001	3 1 45 135 2 6 0 0 12 36 10138   3
2001	3 1 45 135 2 6 0 0 12 36 10134    2
2001	3 1 45 135 2 6 0 0 12 36 10139   3
2001	3 1 45 135 2 6 0 0 12 36 10135    2
2001	3 1 45 135 2 6 0 0 12 36 10119   3
2001	3 1 45 135 2 6 0 0 12 36 10115    2
2001	3 1 45 135 2 6 0 0 12 36 10118   3
2001	3 1 45 135 2 6 0 0 12 36 10114    2
2001	3 1 45 135 2 6 0 0 12 36 10098   3
2001	3 1 45 135 2 6 0 0 12 36 10097    2
2001	3 1 45 135 2 6 0 0 12 36 10099   3
2001	3 1 45 135 2 6 0 0 12 36 10096    2
2001	3 1 45 135 2 6 0 0 12 36 10079   3
2001	3 1 45 135 2 6 0 0 12 36 10076    2
2001	3 1 45 135 2 6 0 0 12 36 10078   3
2001	3 1 45 135 2 6 0 0 12 36 10077    2
2001	3 1 45 135 2 6 0 0 12 36 10158   3
2001	3 1 45 135 2 6 0 0 12 36 10157    2
2001	3 1 45 135 2 6 0 0 12 36 10159   3
2001	3 1 45 135 2 6 0 0 12 36 10156    2
2001	3 1 45 135 2 6 0 0 12 36 10059   3
2001	3 1 45 135 2 6 0 0 12 36 10056    2
2001	3 1 45 135 2 6 0 0 12 36 10058   3
2001	3 1 45 135 2 6 0 0 12 36 10057    2
2001	3 1 45 135 2 6 0 0 12 36 10138   3
2001	3 1 45 135 2 6 0 0 12 36 10137    2
2001	3 1 45 135 2 6 0 0 12 36 10139   3
2001	3 1 45 135 2 6 0 0 12 36 10136    2
2001	3 1 45 135 2 6 0 0 12 36 10119   3
2001	3 1 45 135 2 6 0 0 12 36 10116    2
2001	3 1 45 135 2 6 0 0 12 36 10118   3
2001	3 1 45 135 2 6 0 0 12 36 10117    2
2001	3 1 45 135 2 6 0 0 12 36 10098   3
2001	3 1 45 135 2 6 0 0 12 36 10098    2
2001	3 1 45 135 2 6 0 0 12 36 10099   3
2001	3 1 45 135 2 6 0 0 12 36 10099    2
2001	3 1 45 135 2 6 0 0 12 36 10079   3
2001	3 1 45 135 2 6 0 0 12 36 10079    2
2001	3 1 45 135 2 6 0 0 12 36 10078   3
2001	3 1 45 135 2 6 0 0 12 36 10078    2
2001	3 1 45 135 2 6 0 0 12 36 10158   3
2001	3 1 45 135 2 6 0 0 12 36 10158    2
2001	3 1 45 135 2 6 0 0 12 36 10159   3
2001	3 1 45 135 2 6 0 0 12 36 10159    2
2001	3 1 45 135 2 6 0 0 12 36 10059   3
2001	3 1 45 135 2 6 0 0 12 36 10059    2
2001	3 1 45 135 2 6 0 0 12 36 10058   3
2001	3 1 45 135 2 6 0 0 12 36 10058    2
2001	3 1 45 135 2 6 0 0 12 36 10138   3
2001	3 1 45 135 2 6 0 0 12 36 10138    2
2001	3 1 45 135 2 6 0 0 12 36 10139   3
2001	3 1 45 135 2 6 0 0 12 36 10139    2
2001	3 1 45 135 2 6 0 0 12 36 10119   3
2001	3 1 45 135 2 6 0 0 12 36 10119    2
2001	3 1 45 135 2 6 0 0 12 36 10118   3
2001	3 1 45 135 2 6 0 0 12 36 10118    2
2002	3 1 45 135 2 6 0 0 12 36 10098   3
2002	3 1 45 135 2 6 0 0 12 36 10094    2
2002	3 1 45 135 2 6 0 0 12 36 10099   3
2002	3 1 45 135 2 6 0 0 12 36 10095    2
2002	3 1 45 135 2 6 0 0 12 36 10079   3
2002	3 1 45 135 2 6 0 0 12 36 10075    2
2002	3 1 45 135 2 6 0 0 12 36 10078   3
2002	3 1 45 135 2 6 0 0 12 36 10074    2
2002	3 1 45 135 2 6 0 0 12 36 10158   3
2002	3 1 45 135 2 6 0 0 12 36 10154    2
2002	3 1 45 135 2 6 0 0 12 36 10159   3
2002	3 1 45 135 2 6 0 0 12 36 10155    2
2002	3 1 45 135 2 6 0 0 12 36 10059   3
2002	3 1 45 135 2 6 0 0 12 36 10055    2
2002	3 1 45 135 2 6 0 0 12 36 10058   3
2002	3 1 45 135 2 6 0 0 12 36 10054    2
2002	3 1 45 135 2 6 0 0 12 36 10138   3
2002	3 1 45 135 2 6 0 0 12 36 10134    2
2002	3 1 45 135 2 6 0 0 12 36 10139   3
2002	3 1 45 135 2 6 0 0 12 36 10135    2
2002	3 1 45 135 2 6 0 0 12 36 10119   3
2002	3 1 45 135 2 6 0 0 12 36 10115    2
2002	3 1 45 135 2 6 0 0 12 36 10118   3
2002	3 1 45 135 2 6 0 0 12 36 10114    2
2002	3 1 45 135 2 6 0 0 12 36 10098   3
2002	3 1 45 135 2 6 0 0 12 36 10097    2
2002	3 1 45 135 2 6 0 0 12 36 10099   3
2002	3 1 45 135 2 6 0 0 12 36 10096    2
2002	3 1 45 135 2 6 0 0 12 36 10079   3
2002	3 1 45 135 2 6 0 0 12 36 10076    2
2002	3 1 45 135 2 6 0 0 12 36 10078   3
2002	3 1 45 135 2 6 0 0 12 36 10077    2
2002	3 1 45 135 2 6 0 0 12 36 10158   3
2002	3 1 45 135 2 6 0 0 12 36 10157    2
2002	3 1 45 135 2 6 0 0 12 36 10159   3
2002	3 1 45 135 2 6 0 0 12 36 10156    2
2002	3 1 45 135 2 6 0 0 12 36 10059   3
2002	3 1 45 135 2 6 0 0 12 36 10056    2
2002	3 1 45 135 2 6 0 0 12 36 10058   3
2002	3 1 45 135 2 6 0 0 12 36 10057    2
2002	3 1 45 135 2 6 0 0 12 36 10138   3
2002	3 1 45 135 2 6 0 0 12 36 10137    2
2002	3 1 45 135 2 6 0 0 12 36 10139   3
2002	3 1 45 135 2 6 0 0 12 36 10136    2
2002	3 1 45 135 2 6 0 0 12 36 10119   3
2002	3 1 45 135 2 6 0 0 12 36 10116    2
2002	3 1 45 135 2 6 0 0 12 36 10118   3
2002	3 1 45 135 2 6 0 0 12 36 10117    2
2002	3 1 45 135 2 6 0 0 12 36 10098   3
2002	3 1 45 135 2 6 0 0 12 36 10098    2
2002	3 1 45 135 2 6 0 0 12 36 10099   3
2002	3 1 45 135 2 6 0 0 12 36 10099    2
2002	3 1 45 135 2 6 0 0 12 36 10079   3
2002	3 1 45 135 2 6 0 0 12 36 10079    2
2002	3 1 45 135 2 6 0 0 12 36 10078   3
2002	3 1 45 135 2 6 0 0 12 36 10078    2
2002	3 1 45 135 2 6 0 0 12 36 10158   3
2002	3 1 45 135 2 6 0 0 12 36 10158    2
2002	3 1 45 135 2 6 0 0 12 36 10159   3
2002	3 1 45 135 2 6 0 0 12 36 10159    2
2002	3 1 45 135 2 6 0 0 12 36 10059   3
2002	3 1 45 135 2 6 0 0 12 36 10059    2
2002	3 1 45 135 2 6 0 0 12 36 10058   3
2002	3 1 45 135 2 6 0 0 12 36 10058    2
2002	3 1 45 135 2 6 0 0 12 36 10138   3
2002	3 1 45 135 2 6 0 0 12 36 10138    2
2002	3 1 45 135 2 6 0 0 12 36 10139   3
2002	3 1 45 135 2 6 0 0 12 36 10139    2
2002	3 1 45 135 2 6 0 0 12 36 10119   3
2002	3 1 45 135 2 6 0 0 12 36 10119    2
2002	3 1 45 135 2 6 0 0 12 36 10118   3
2002	3 1 45 135 2 6 0 0 12 36 10118    2
2003	3 1 45 135 2 6 0 0 12 36 10098   3
2003	3 1 45 135 2 6 0 0 12 36 10094    2
2003	3 1 45 135 2 6 0 0 12 36 10099   3
2003	3 1 45 135 2 6 0 0 12 36 10095    2
2003	3 1 45 135 2 6 0 0 12 36 10079   3
2003	3 1 45 135 2 6 0 0 12 36 10075    2
2003	3 1 45 135 2 6 0 0 12 36 10078   3
2003	3 1 45 135 2 6 0 0 12 36 10074    2
2003	3 1 45 135 2 6 0 0 12 36 10158   3
2003	3 1 45 135 2 6 0 0 12 36 10154    2
2003	3 1 45 135 2 6 0 0 12 36 10159   3
2003	3 1 45 135 2 6 0 0 12 36 10155    2
2003	3 1 45 135 2 6 0 0 12 36 10059   3
2003	3 1 45 135 2 6 0 0 12 36 10055    2
2003	3 1 45 135 2 6 0 0 12 36 10058   3
2003	3 1 45 135 2 6 0 0 12 36 10054    2
2003	3 1 45 135 2 6 0 0 12 36 10138   3
2003	3 1 45 135 2 6 0 0 12 36 10134    2
2003	3 1 45 135 2 6 0 0 12 36 10139   3
2003	3 1 45 135 2 6 0 0 12 36 10135    2
2003	3 1 45 135 2 6 0 0 12 36 10119   3
2003	3 1 45 135 2 6 0 0 12 36 10115    2
2003	3 1 45 135 2 6 0 0 12 36 10118   3
2003	3 1 45 135 2 6 0 0 12 36 10114    2
2003	3 1 45 135 2 6 0 0 12 36 10098   3
2003	3 1 45 135 2 6 0 0 12 36 10097    2
2003	3 1 45 135 2 6 0 0 12 36 10099   3
2003	3 1 45 135 2 6 0 0 12 36 10096    2
2003	3 1 45 135 2 6 0 0 12 36 10079   3
2003	3 1 45 135 2 6 0 0 12 36 10076    2
2003	3 1 45 135 2 6 0 0 12 36 10078   3
2003	3 1 45 135 2 6 0 0 12 36 10077    2
2003	3 1 45 135 2 6 0 0 12 36 10158   3
2003	3 1 45 135 2 6 0 0 12 36 10157    2
2003	3 1 45 135 2 6 0 0 12 36 10159   3
2003	3 1 45 135 2 6 0 0 12 36 10156    2
2003	3 1 45 135 2 6 0 0 12 36 10059   3
2003	3 1 45 135 2 6 0 0 12 36 10056    2
2003	3 1 45 135 2 6 0 0 12 36 10058   3
2003	3 1 45 135 2 6 0 0 12 36 10057    2
2003	3 1 45 135 2 6 0 0 12 36 10138   3
2003	3 1 45 135 2 6 0 0 12 36 10137    2
2003	3 1 45 135 2 6 0 0 12 36 10139   3
2003	3 1 45 135 2 6 0 0 12 36 10136    2
2003	3 1 45 135 2 6 0 0 12 36 10119   3
2003	3 1 45 135 2 6 0 0 12 36 10116    2
2003	3 1 45 135 2 6 0 0 12 36 10118   3
2003	3 1 45 135 2 6 0 0 12 36 10117    2
2003	3 1 45 135 2 6 0 0 12 36 10098   3
2003	3 1 45 135 2 6 0 0 12 36 10098    2
2003	3 1 45 135 2 6 0 0 12 36 10099   3
2003	3 1 45 135 2 6 0 0 12 36 10099    2
2003	3 1 45 135 2 6 0 0 12 36 10079   3
2003	3 1 45 135 2 6 0 0 12 36 10079    2
2003	3 1 45 135 2 6 0 0 12 36 10078   3
2003	3 1 45 135 2 6 0 0 12 36 10078    2
2003	3 1 45 135 2 6 0 0 12 36 10158   3
2003	3 1 45 135 2 6 0 0 12 36 10158    2
2003	3 1 45 135 2 6 0 0 12 36 10159   3
2003	3 1 45 135 2 6 0 0 12 36 10159    2
2003	3 1 45 135 2 6 0 0 12 36 10059   3
2003	3 1 45 135 2 6 0 0 12 36 10059    2
2003	3 1 45 135 2 6 0 0 12 36 10058   3
2003	3 1 45 135 2 6 0 0 12 36 10058    2
2003	3 1 45 135 2 6 0 0 12 36 10138   3
2003	3 1 45 135 2 6 0 0 12 36 10138    2
2003	3 1 45 135 2 6 0 0 12 36 10139   3
2003	3 1 45 135 2 6 0 0 12 36 10139    2
2003	3 1 45 135 2 6 0 0 12 36 10119   3
2003	3 1 45 135 2 6 0 0 12 36 10119    2
2003	3 1 45 135 2 6 0 0 12 36 10118   3
2003	3 1 45 135 2 6 0 0 12 36 10118    2
2004	3 1 45 135 2 6 0 0 12 36 10098   3
2004	3 1 45 135 2 6 0 0 12 36 10094    2
2004	3 1 45 135 2 6 0 0 12 36 10099   3
2004	3 1 45 135 2 6 0 0 12 36 10095    2
2004	3 1 45 135 2 6 0 0 12 36 10079   3
2004	3 1 45 135 2 6 0 0 12 36 10075    2
2004	3 1 45 135 2 6 0 0 12 36 10078   3
2004	3 1 45 135 2 6 0 0 12 36 10074    2
2004	3 1 45 135 2 6 0 0 12 36 10158   3
2004	3 1 45 135 2 6 0 0 12 36 10154    2
2004	3 1 45 135 2 6 0 0 12 36 10159   3
2004	3 1 45 135 2 6 0 0 12 36 10155    2
2004	3 1 45 135 2 6 0 0 12 36 10059   3
2004	3 1 45 135 2 6 0 0 12 36 10055    2
2004	3 1 45 135 2 6 0 0 12 36 10058   3
2004	3 1 45 135 2 6 0 0 12 36 10054    2
2004	3 1 45 135 2 6 0 0 12 36 10138   3
2004	3 1 45 135 2 6 0 0 12 36 10134    2
2004	3 1 45 135 2 6 0 0 12 36 10139   3
2004	3 1 45 135 2 6 0 0 12 36 10135    2
2004	3 1 45 135 2 6 0 0 12 36 10119   3
2004	3 1 45 135 2 6 0 0 12 36 10115    2
2004	3 1 45 135 2 6 0 0 12 36 10118   3
2004	3 1 45 135 2 6 0 0 12 36 10114    2
2004	3 1 45 135 2 6 0 0 12 36 10098   3
2004	3 1 45 135 2 6 0 0 12 36 10097    2
2004	3 1 45 135 2 6 0 0 12 36 10099   3
2004	3 1 45 135 2 6 0 0 12 36 10096    2
2004	3 1 45 135 2 6 0 0 12 36 10079   3
2004	3 1 45 135 2 6 0 0 12 36 10076    2
2004	3 1 45 135 2 6 0 0 12 36 10078   3
2004	3 1 45 135 2 6 0 0 12 36 10077    2
2004	3 1 45 135 2 6 0 0 12 36 10158   3
2004	3 1 45 135 2 6 0 0 12 36 10157    2
2004	3 1 45 135 2 6 0 0 12 36 10159   3
2004	3 1 45 135 2 6 0 0 12 36 10156    2
2004	3 1 45 135 2 6 0 0 12 36 10059   3
2004	3 1 45 135 2 6 0 0 12 36 10056    2
2004	3 1 45 135 2 6 0 0 12 36 10058   3
2004	3 1 45 135 2 6 0 0 12 36 10057    2
2004	3 1 45 135 2 6 0 0 12 36 10138   3
2004	3 1 45 135 2 6 0 0 12 36 10137    2
2004	3 1 45 135 2 6 0 0 12 36 10139   3
2004	3 1 45 135 2 6 0 0 12 36 10136    2
2004	3 1 45 135 2 6 0 0 12 36 10119   3
2004	3 1 45 135 2 6 0 0 12 36 10116    2
2004	3 1 45 135 2 6 0 0 12 36 10118   3
2004	3 1 45 135 2 6 0 0 12 36 10117    2
2004	3 1 45 135 2 6 0 0 12 36 10098   3
2004	3 1 45 135 2 6 0 0 12 36 10098    2
2004	3 1 45 135 2 6 0 0 12 36 10099   3
2004	3 1 45 135 2 6 0 0 12 36 10099    2
2004	3 1 45 135 2 6 0 0 12 36 10079   3
2004	3 1 45 135 2 6 0 0 12 36 10079    2
2004	3 1 45 135 2 6 0 0 12 36 10078   3
2004	3 1 45 135 2 6 0 0 12 36 10078    2
2004	3 1 45 135 2 6 0 0 12 36 10158   3
2004	3 1 45 135 2 6 0 0 12 36 10158    2
2004	3 1 45 135 2 6 0 0 12 36 10159   3
2004	3 1 45 135 2 6 0 0 12 36 10159    2
2004	3 1 45 135 2 6 0 0 12 36 10059   3
2004	3 1 45 135 2 6 0 0 12 36 10059    2
2004	3 1 45 135 2 6 0 0 12 36 10058   3
2004	3 1 45 135 2 6 0 0 12 36 10058    2
2004	3 1 45 135 2 6 0 0 12 36 10138   3
2004	3 1 45 135 2 6 0 0 12 36 10138    2
2004	3 1 45 135 2 6 0 0 12 36 10139   3
2004	3 1 45 135 2 6 0 0 12 36 10139    2
2004	3 1 45 135 2 6 0 0 12 36 10119   3
2004	3 1 45 135 2 6 0 0 12 36 10119    2
2004	3 1 45 135 2 6 0 0 12 36 10118   3
2004	3 1 45 135 2 6 0 0 12 36 10118    2
2005	3 1 45 135 2 6 0 0 12 36 10098   3
2005	3 1 45 135 2 6 0 0 12 36 10094    2
2005	3 1 45 135 2 6 0 0 12 36 10099   3
2005	3 1 45 135 2 6 0 0 12 36 10095    2
2005	3 1 45 135 2 6 0 0 12 36 10079   3
2005	3 1 45 135 2 6 0 0 12 36 10075    2
2005	3 1 45 135 2 6 0 0 12 36 10078   3
2005	3 1 45 135 2 6 0 0 12 36 10074    2
2005	3 1 45 135 2 6 0 0 12 36 10158   3
2005	3 1 45 135 2 6 0 0 12 36 10154    2
2005	3 1 45 135 2 6 0 0 12 36 10159   3
2005	3 1 45 135 2 6 0 0 12 36 10155    2
2005	3 1 45 135 2 6 0 0 12 36 10059   3
2005	3 1 45 135 2 6 0 0 12 36 10055    2
2005	3 1 45 135 2 6 0 0 12 36 10058   3
2005	3 1 45 135 2 6 0 0 12 36 10054    2
2005	3 1 45 135 2 6 0 0 12 36 10138   3
2005	3 1 45 135 2 6 0 0 12 36 10134    2
2005	3 1 45 135 2 6 0 0 12 36 10139   3
2005	3 1 45 135 2 6 0 0 12 36 10135    2
2005	3 1 45 135 2 6 0 0 12 36 10119   3
2005	3 1 45 135 2 6 0 0 12 36 10115    2
2005	3 1 45 135 2 6 0 0 12 36 10118   3
2005	3 1 45 135 2 6 0 0 12 36 10114    2
2005	3 1 45 135 2 6 0 0 12 36 10098   3
2005	3 1 45 135 2 6 0 0 12 36 10097    2
2005	3 1 45 135 2 6 0 0 12 36 10099   3
2005	3 1 45 135 2 6 0 0 12 36 10096    2
2005	3 1 45 135 2 6 0 0 12 36 10079   3
2005	3 1 45 135 2 6 0 0 12 36 10076    2
2005	3 1 45 135 2 6 0 0 12 36 10078   3
2005	3 1 45 135 2 6 0 0 12 36 10077    2
2005	3 1 45 135 2 6 0 0 12 36 10158   3
2005	3 1 45 135 2 6 0 0 12 36 10157    2
2005	3 1 45 135 2 6 0 0 12 36 10159   3
2005	3 1 45 135 2 6 0 0 12 36 10156    2
2005	3 1 45 135 2 6 0 0 12 36 10059   3
2005	3 1 45 135 2 6 0 0 12 36 10056    2
2005	3 1 45 135 2 6 0 0 12 36 10058   3
2005	3 1 45 135 2 6 0 0 12 36 10057    2
2005	3 1 45 135 2 6 0 0 12 36 10138   3
2005	3 1 45 135 2 6 0 0 12 36 10137    2
2005	3 1 45 135 2 6 0 0 12 36 10139   3
2005	3 1 45 135 2 6 0 0 12 36 10136    2
2005	3 1 45 135 2 6 0 0 12 36 10119   3
2005	3 1 45 135 2 6 0 0 12 36 10116    2
2005	3 1 45 135 2 6 0 0 12 36 10118   3
2005	3 1 45 135 2 6 0 0 12 36 10117    2
2005	3 1 45 135 2 6 0 0 12 36 10098   3
2005	3 1 45 135 2 6 0 0 12 36 10098    2
2005	3 1 45 135 2 6 0 0 12 36 10099   3
2005	3 1 45 135 2 6 0 0 12 36 10099    2
2005	3 1 45 135 2 6 0 0 12 36 10079   3
2005	3 1 45 135 2 6 0 0 12 36 10079    2
2005	3 1 45 135 2 6 0 0 12 36 10078   3
2005	3 1 45 135 2 6 0 0 12 36 10078    2
2005	3 1 45 135 2 6 0 0 12 36 10158   3
2005	3 1 45 135 2 6 0 0 12 36 10158    2
2005	3 1 45 135 2 6 0 0 12 36 10159   3
2005	3 1 45 135 2 6 0 0 12 36 10159    2
2005	3 1 45 135 2 6 0 0 12 36 10059   3
2005	3 1 45 135 2 6 0 0 12 36 10059    2
2005	3 1 45 135 2 6 0 0 12 36 10058   3
2005	3 1 45 135 2 6 0 0 12 36 10058    2
2005	3 1 45 135 2 6 0 0 12 36 10138   3
2005	3 1 45 135 2 6 0 0 12 36 10138    2
2005	3 1 45 135 2 6 0 0 12 36 10139   3
2005	3 1 45 135 2 6 0 0 12 36 10139    2
2005	3 1 45 135 2 6 0 0 12 36 10119   3
2005	3 1 45 135 2 6 0 0 12 36 10119    2
2005	3 1 45 135 2 6 0 0 12 36 10118   3
2005	3 1 45 135 2 6 0 0 12 36 10118    2
3000	3 1 45 135 2 6 0 0 12 36 10098   3
3000	3 1 45 135 2 6 0 0 12 36 10094    2
3000	3 1 45 135 2 6 0 0 12 36 10099   3
3000	3 1 45 135 2 6 0 0 12 36 10095    2
3000	3 1 45 135 2 6 0 0 12 36 10079   3
3000	3 1 45 135 2 6 0 0 12 36 10075    2
3000	3 1 45 135 2 6 0 0 12 36 10078   3
3000	3 1 45 135 2 6 0 0 12 36 10074    2
3000	3 1 45 135 2 6 0 0 12 36 10158   3
3000	3 1 45 135 2 6 0 0 12 36 10154    2
3000	3 1 45 135 2 6 0 0 12 36 10159   3
3000	3 1 45 135 2 6 0 0 12 36 10155    2
3000	3 1 45 135 2 6 0 0 12 36 10059   3
3000	3 1 45 135 2 6 0 0 12 36 10055    2
3000	3 1 45 135 2 6 0 0 12 36 10058   3
3000	3 1 45 135 2 6 0 0 12 36 10054    2
3000	3 1 45 135 2 6 0 0 12 36 10138   3
3000	3 1 45 135 2 6 0 0 12 36 10134    2
3000	3 1 45 135 2 6 0 0 12 36 10139   3
3000	3 1 45 135 2 6 0 0 12 36 10135    2
3000	3 1 45 135 2 6 0 0 12 36 10119   3
3000	3 1 45 135 2 6 0 0 12 36 10115    2
3000	3 1 45 135 2 6 0 0 12 36 10118   3
3000	3 1 45 135 2 6 0 0 12 36 10114    2
3000	3 1 45 135 2 6 0 0 12 36 10098   3
3000	3 1 45 135 2 6 0 0 12 36 10097    2
3000	3 1 45 135 2 6 0 0 12 36 10099   3
3000	3 1 45 135 2 6 0 0 12 36 10096    2
3000	3 1 45 135 2 6 0 0 12 36 10079   3
3000	3 1 45 135 2 6 0 0 12 36 10076    2
3000	3 1 45 135 2 6 0 0 12 36 10078   3
3000	3 1 45 135 2 6 0 0 12 36 10077    2
3000	3 1 45 135 2 6 0 0 12 36 10158   3
3000	3 1 45 135 2 6 0 0 12 36 10157    2
3000	3 1 45 135 2 6 0 0 12 36 10159   3
3000	3 1 45 135 2 6 0 0 12 36 10156    2
3000	3 1 45 135 2 6 0 0 12 36 10059   3
3000	3 1 45 135 2 6 0 0 12 36 10056    2
3000	3 1 45 135 2 6 0 0 12 36 10058   3
3000	3 1 45 135 2 6 0 0 12 36 10057    2
3000	3 1 45 135 2 6 0 0 12 36 10138   3
3000	3 1 45 135 2 6 0 0 12 36 10137    2
3000	3 1 45 135 2 6 0 0 12 36 10139   3
3000	3 1 45 135 2 6 0 0 12 36 10136    2
3000	3 1 45 135 2 6 0 0 12 36 10119   3
3000	3 1 45 135 2 6 0 0 12 36 10116    2
3000	3 1 45 135 2 6 0 0 12 36 10118   3
3000	3 1 45 135 2 6 0 0 12 36 10117    2
3000	3 1 45 135 2 6 0 0 12 36 10098   3
3000	3 1 45 135 2 6 0 0 12 36 10098    2
3000	3 1 45 135 2 6 0 0 12 36 10099   3
3000	3 1 45 135 2 6 0 0 12 36 10099    2
3000	3 1 45 135 2 6 0 0 12 36 10079   3
3000	3 1 45 135 2 6 0 0 12 36 10079    2
3000	3 1 45 135 2 6 0 0 12 36 10078   3
3000	3 1 45 135 2 6 0 0 12 36 10078    2
3000	3 1 45 135 2 6 0 0 12 36 10158   3
3000	3 1 45 135 2 6 0 0 12 36 10158    2
3000	3 1 45 135 2 6 0 0 12 36 10159   3
3000	3 1 45 135 2 6 0 0 12 36 10159    2
3000	3 1 45 135 2 6 0 0 12 36 10059   3
3000	3 1 45 135 2 6 0 0 12 36 10059    2
3000	3 1 45 135 2 6 0 0 12 36 10058   3
3000	3 1 45 135 2 6 0 0 12 36 10058    2
3000	3 1 45 135 2 6 0 0 12 36 10138   3
3000	3 1 45 135 2 6 0 0 12 36 10138    2
3000	3 1 45 135 2 6 0 0 12 36 10139   3
3000	3 1 45 135 2 6 0 0 12 36 10139    2
3000	3 1 45 135 2 6 0 0 12 36 10119   3
3000	3 1 45 135 2 6 0 0 12 36 10119    2
3000	3 1 45 135 2 6 0 0 12 36 10118   3
3000	3 1 45 135 2 6 0 0 12 36 10118    2
3001	3 1 45 135 2 6 0 0 12 36 10098   3
3001	3 1 45 135 2 6 0 0 12 36 10094    2
3001	3 1 45 135 2 6 0 0 12 36 10099   3
3001	3 1 45 135 2 6 0 0 12 36 10095    2
3001	3 1 45 135 2 6 0 0 12 36 10079   3
3001	3 1 45 135 2 6 0 0 12 36 10075    2
3001	3 1 45 135 2 6 0 0 12 36 10078   3
3001	3 1 45 135 2 6 0 0 12 36 10074    2
3001	3 1 45 135 2 6 0 0 12 36 10158   3
3001	3 1 45 135 2 6 0 0 12 36 10154    2
3001	3 1 45 135 2 6 0 0 12 36 10159   3
3001	3 1 45 135 2 6 0 0 12 36 10155    2
3001	3 1 45 135 2 6 0 0 12 36 10059   3
3001	3 1 45 135 2 6 0 0 12 36 10055    2
3001	3 1 45 135 2 6 0 0 12 36 10058   3
3001	3 1 45 135 2 6 0 0 12 36 10054    2
3001	3 1 45 135 2 6 0 0 12 36 10138   3
3001	3 1 45 135 2 6 0 0 12 36 10134    2
3001	3 1 45 135 2 6 0 0 12 36 10139   3
3001	3 1 45 135 2 6 0 0 12 36 10135    2
3001	3 1 45 135 2 6 0 0 12 36 10119   3
3001	3 1 45 135 2 6 0 0 12 36 10115    2
3001	3 1 45 135 2 6 0 0 12 36 10118   3
3001	3 1 45 135 2 6 0 0 12 36 10114    2
3001	3 1 45 135 2 6 0 0 12 36 10098   3
3001	3 1 45 135 2 6 0 0 12 36 10097    2
3001	3 1 45 135 2 6 0 0 12 36 10099   3
3001	3 1 45 135 2 6 0 0 12 36 10096    2
3001	3 1 45 135 2 6 0 0 12 36 10079   3
3001	3 1 45 135 2 6 0 0 12 36 10076    2
3001	3 1 45 135 2 6 0 0 12 36 10078   3
3001	3 1 45 135 2 6 0 0 12 36 10077    2
3001	3 1 45 135 2 6 0 0 12 36 10158   3
3001	3 1 45 135 2 6 0 0 12 36 10157    2
3001	3 1 45 135 2 6 0 0 12 36 10159   3
3001	3 1 45 135 2 6 0 0 12 36 10156    2
3001	3 1 45 135 2 6 0 0 12 36 10059   3
3001	3 1 45 135 2 6 0 0 12 36 10056    2
3001	3 1 45 135 2 6 0 0 12 36 10058   3
3001	3 1 45 135 2 6 0 0 12 36 10057    2
3001	3 1 45 135 2 6 0 0 12 36 10138   3
3001	3 1 45 135 2 6 0 0 12 36 10137    2
3001	3 1 45 135 2 6 0 0 12 36 10139   3
3001	3 1 45 135 2 6 0 0 12 36 10136    2
3001	3 1 45 135 2 6 0 0 12 36 10119   3
3001	3 1 45 135 2 6 0 0 12 36 10116    2
3001	3 1 45 135 2 6 0 0 12 36 10118   3
3001	3 1 45 135 2 6 0 0 12 36 10117    2
3001	3 1 45 135 2 6 0 0 12 36 10098   3
3001	3 1 45 135 2 6 0 0 12 36 10098    2
3001	3 1 45 135 2 6 0 0 12 36 10099   3
3001	3 1 45 135 2 6 0 0 12 36 10099    2
3001	3 1 45 135 2 6 0 0 12 36 10079   3
3001	3 1 45 135 2 6 0 0 12 36 10079    2
3001	3 1 45 135 2 6 0 0 12 36 10078   3
3001	3 1 45 135 2 6 0 0 12 36 10078    2
3001	3 1 45 135 2 6 0 0 12 36 10158   3
3001	3 1 45 135 2 6 0 0 12 36 10158    2
3001	3 1 45 135 2 6 0 0 12 36 10159   3
3001	3 1 45 135 2 6 0 0 12 36 10159    2
3001	3 1 45 135 2 6 0 0 12 36 10059   3
3001	3 1 45 135 2 6 0 0 12 36 10059    2
3001	3 1 45 135 2 6 0 0 12 36 10058   3
3001	3 1 45 135 2 6 0 0 12 36 10058    2
3001	3 1 45 135 2 6 0 0 12 36 10138   3
3001	3 1 45 135 2 6 0 0 12 36 10138    2
3001	3 1 45 135 2 6 0 0 12 36 10139   3
3001	3 1 45 135 2 6 0 0 12 36 10139    2
3001	3 1 45 135 2 6 0 0 12 36 10119   3
3001	3 1 45 135 2 6 0 0 12 36 10119    2
3001	3 1 45 135 2 6 0 0 12 36 10118   3
3001	3 1 45 135 2 6 0 0 12 36 10118    2
3002	3 1 45 135 2 6 0 0 12 36 10098   3
3002	3 1 45 135 2 6 0 0 12 36 10094    2
3002	3 1 45 135 2 6 0 0 12 36 10099   3
3002	3 1 45 135 2 6 0 0 12 36 10095    2
3002	3 1 45 135 2 6 0 0 12 36 10079   3
3002	3 1 45 135 2 6 0 0 12 36 10075    2
3002	3 1 45 135 2 6 0 0 12 36 10078   3
3002	3 1 45 135 2 6 0 0 12 36 10074    2
3002	3 1 45 135 2 6 0 0 12 36 10158   3
3002	3 1 45 135 2 6 0 0 12 36 10154    2
3002	3 1 45 135 2 6 0 0 12 36 10159   3
3002	3 1 45 135 2 6 0 0 12 36 10155    2
3002	3 1 45 135 2 6 0 0 12 36 10059   3
3002	3 1 45 135 2 6 0 0 12 36 10055    2
3002	3 1 45 135 2 6 0 0 12 36 10058   3
3002	3 1 45 135 2 6 0 0 12 36 10054    2
3002	3 1 45 135 2 6 0 0 12 36 10138   3
3002	3 1 45 135 2 6 0 0 12 36 10134    2
3002	3 1 45 135 2 6 0 0 12 36 10139   3
3002	3 1 45 135 2 6 0 0 12 36 10135    2
3002	3 1 45 135 2 6 0 0 12 36 10119   3
3002	3 1 45 135 2 6 0 0 12 36 10115    2
3002	3 1 45 135 2 6 0 0 12 36 10118   3
3002	3 1 45 135 2 6 0 0 12 36 10114    2
3002	3 1 45 135 2 6 0 0 12 36 10098   3
3002	3 1 45 135 2 6 0 0 12 36 10097    2
3002	3 1 45 135 2 6 0 0 12 36 10099   3
3002	3 1 45 135 2 6 0 0 12 36 10096    2
3002	3 1 45 135 2 6 0 0 12 36 10079   3
3002	3 1 45 135 2 6 0 0 12 36 10076    2
3002	3 1 45 135 2 6 0 0 12 36 10078   3
3002	3 1 45 135 2 6 0 0 12 36 10077    2
3002	3 1 45 135 2 6 0 0 12 36 10158   3
3002	3 1 45 135 2 6 0 0 12 36 10157    2
3002	3 1 45 135 2 6 0 0 12 36 10159   3
3002	3 1 45 135 2 6 0 0 12 36 10156    2
3002	3 1 45 135 2 6 0 0 12 36 10059   3
3002	3 1 45 135 2 6 0 0 12 36 10056    2
3002	3 1 45 135 2 6 0 0 12 36 10058   3
3002	3 1 45 135 2 6 0 0 12 36 10057    2
3002	3 1 45 135 2 6 0 0 12 36 10138   3
3002	3 1 45 135 2 6 0 0 12 36 10137    2
3002	3 1 45 135 2 6 0 0 12 36 10139   3
3002	3 1 45 135 2 6 0 0 12 36 10136    2
3002	3 1 45 135 2 6 0 0 12 36 10119   3
3002	3 1 45 135 2 6 0 0 12 36 10116    2
3002	3 1 45 135 2 6 0 0 12 36 10118   3
3002	3 1 45 135 2 6 0 0 12 36 10117    2
3002	3 1 45 135 2 6 0 0 12 36 10098   3
3002	3 1 45 135 2 6 0 0 12 36 10098    2
3002	3 1 45 135 2 6 0 0 12 36 10099   3
3002	3 1 45 135 2 6 0 0 12 36 10099    2
3002	3 1 45 135 2 6 0 0 12 36 10079   3
3002	3 1 45 135 2 6 0 0 12 36 10079    2
3002	3 1 45 135 2 6 0 0 12 36 10078   3
3002	3 1 45 135 2 6 0 0 12 36 10078    2
3002	3 1 45 135 2 6 0 0 12 36 10158   3
3002	3 1 45 135 2 6 0 0 12 36 10158    2
3002	3 1 45 135 2 6 0 0 12 36 10159   3
3002	3 1 45 135 2 6 0 0 12 36 10159    2
3002	3 1 45 135 2 6 0 0 12 36 10059   3
3002	3 1 45 135 2 6 0 0 12 36 10059    2
3002	3 1 45 135 2 6 0 0 12 36 10058   3
3002	3 1 45 135 2 6 0 0 12 36 10058    2
3002	3 1 45 135 2 6 0 0 12 36 10138   3
3002	3 1 45 135 2 6 0 0 12 36 10138    2
3002	3 1 45 135 2 6 0 0 12 36 10139   3
3002	3 1 45 135 2 6 0 0 12 36 10139    2
3002	3 1 45 135 2 6 0 0 12 36 10119   3
3002	3 1 45 135 2 6 0 0 12 36 10119    2
3002	3 1 45 135 2 6 0 0 12 36 10118   3
3002	3 1 45 135 2 6 0 0 12 36 10118    2
3003	3 1 45 135 2 6 0 0 12 36 10098   3
3003	3 1 45 135 2 6 0 0 12 36 10094    2
3003	3 1 45 135 2 6 0 0 12 36 10099   3
3003	3 1 45 135 2 6 0 0 12 36 10095    2
3003	3 1 45 135 2 6 0 0 12 36 10079   3
3003	3 1 45 135 2 6 0 0 12 36 10075    2
3003	3 1 45 135 2 6 0 0 12 36 10078   3
3003	3 1 45 135 2 6 0 0 12 36 10074    2
3003	3 1 45 135 2 6 0 0 12 36 10158   3
3003	3 1 45 135 2 6 0 0 12 36 10154    2
3003	3 1 45 135 2 6 0 0 12 36 10159   3
3003	3 1 45 135 2 6 0 0 12 36 10155    2
3003	3 1 45 135 2 6 0 0 12 36 10059   3
3003	3 1 45 135 2 6 0 0 12 36 10055    2
3003	3 1 45 135 2 6 0 0 12 36 10058   3
3003	3 1 45 135 2 6 0 0 12 36 10054    2
3003	3 1 45 135 2 6 0 0 12 36 10138   3
3003	3 1 45 135 2 6 0 0 12 36 10134    2
3003	3 1 45 135 2 6 0 0 12 36 10139   3
3003	3 1 45 135 2 6 0 0 12 36 10135    2
3003	3 1 45 135 2 6 0 0 12 36 10119   3
3003	3 1 45 135 2 6 0 0 12 36 10115    2
3003	3 1 45 135 2 6 0 0 12 36 10118   3
3003	3 1 45 135 2 6 0 0 12 36 10114    2
3003	3 1 45 135 2 6 0 0 12 36 10098   3
3003	3 1 45 135 2 6 0 0 12 36 10097    2
3003	3 1 45 135 2 6 0 0 12 36 10099   3
3003	3 1 45 135 2 6 0 0 12 36 10096    2
3003	3 1 45 135 2 6 0 0 12 36 10079   3
3003	3 1 45 135 2 6 0 0 12 36 10076    2
3003	3 1 45 135 2 6 0 0 12 36 10078   3
3003	3 1 45 135 2 6 0 0 12 36 10077    2
3003	3 1 45 135 2 6 0 0 12 36 10158   3
3003	3 1 45 135 2 6 0 0 12 36 10157    2
3003	3 1 45 135 2 6 0 0 12 36 10159   3
3003	3 1 45 135 2 6 0 0 12 36 10156    2
3003	3 1 45 135 2 6 0 0 12 36 10059   3
3003	3 1 45 135 2 6 0 0 12 36 10056    2
3003	3 1 45 135 2 6 0 0 12 36 10058   3
3003	3 1 45 135 2 6 0 0 12 36 10057    2
3003	3 1 45 135 2 6 0 0 12 36 10138   3
3003	3 1 45 135 2 6 0 0 12 36 10137    2
3003	3 1 45 135 2 6 0 0 12 36 10139   3
3003	3 1 45 135 2 6 0 0 12 36 10136    2
3003	3 1 45 135 2 6 0 0 12 36 10119   3
3003	3 1 45 135 2 6 0 0 12 36 10116    2
3003	3 1 45 135 2 6 0 0 12 36 10118   3
3003	3 1 45 135 2 6 0 0 12 36 10117    2
3003	3 1 45 135 2 6 0 0 12 36 10098   3
3003	3 1 45 135 2 6 0 0 12 36 10098    2
3003	3 1 45 135 2 6 0 0 12 36 10099   3
3003	3 1 45 135 2 6 0 0 12 36 10099    2
3003	3 1 45 135 2 6 0 0 12 36 10079   3
3003	3 1 45 135 2 6 0 0 12 36 10079    2
3003	3 1 45 135 2 6 0 0 12 36 10078   3
3003	3 1 45 135 2 6 0 0 12 36 10078    2
3003	3 1 45 135 2 6 0 0 12 36 10158   3
3003	3 1 45 135 2 6 0 0 12 36 10158    2
3003	3 1 45 135 2 6 0 0 12 36 10159   3
3003	3 1 45 135 2 6 0 0 12 36 10159    2
3003	3 1 45 135 2 6 0 0 12 36 10059   3
3003	3 1 45 135 2 6 0 0 12 36 10059    2
3003	3 1 45 135 2 6 0 0 12 36 10058   3
3003	3 1 45 135 2 6 0 0 12 36 10058    2
3003	3 1 45 135 2 6 0 0 12 36 10138   3
3003	3 1 45 135 2 6 0 0 12 36 10138    2
3003	3 1 45 135 2 6 0 0 12 36 10139   3
3003	3 1 45 135 2 6 0 0 12 36 10139    2
3003	3 1 45 135 2 6 0 0 12 36 10119   3
3003	3 1 45 135 2 6 0 0 12 36 10119    2
3003	3 1 45 135 2 6 0 0 12 36 10118   3
3003	3 1 45 135 2 6 0 0 12 36 10118    2
3006	3 1 45 135 2 6 0 0 12 36 10098   3
3006	3 1 45 135 2 6 0 0 12 36 10094    2
3006	3 1 45 135 2 6 0 0 12 36 10099   3
3006	3 1 45 135 2 6 0 0 12 36 10095    2
3006	3 1 45 135 2 6 0 0 12 36 10079   3
3006	3 1 45 135 2 6 0 0 12 36 10075    2
3006	3 1 45 135 2 6 0 0 12 36 10078   3
3006	3 1 45 135 2 6 0 0 12 36 10074    2
3006	3 1 45 135 2 6 0 0 12 36 10158   3
3006	3 1 45 135 2 6 0 0 12 36 10154    2
3006	3 1 45 135 2 6 0 0 12 36 10159   3
3006	3 1 45 135 2 6 0 0 12 36 10155    2
3006	3 1 45 135 2 6 0 0 12 36 10059   3
3006	3 1 45 135 2 6 0 0 12 36 10055    2
3006	3 1 45 135 2 6 0 0 12 36 10058   3
3006	3 1 45 135 2 6 0 0 12 36 10054    2
3006	3 1 45 135 2 6 0 0 12 36 10138   3
3006	3 1 45 135 2 6 0 0 12 36 10134    2
3006	3 1 45 135 2 6 0 0 12 36 10139   3
3006	3 1 45 135 2 6 0 0 12 36 10135    2
3006	3 1 45 135 2 6 0 0 12 36 10119   3
3006	3 1 45 135 2 6 0 0 12 36 10115    2
3006	3 1 45 135 2 6 0 0 12 36 10118   3
3006	3 1 45 135 2 6 0 0 12 36 10114    2
3006	3 1 45 135 2 6 0 0 12 36 10098   3
3006	3 1 45 135 2 6 0 0 12 36 10097    2
3006	3 1 45 135 2 6 0 0 12 36 10099   3
3006	3 1 45 135 2 6 0 0 12 36 10096    2
3006	3 1 45 135 2 6 0 0 12 36 10079   3
3006	3 1 45 135 2 6 0 0 12 36 10076    2
3006	3 1 45 135 2 6 0 0 12 36 10078   3
3006	3 1 45 135 2 6 0 0 12 36 10077    2
3006	3 1 45 135 2 6 0 0 12 36 10158   3
3006	3 1 45 135 2 6 0 0 12 36 10157    2
3006	3 1 45 135 2 6 0 0 12 36 10159   3
3006	3 1 45 135 2 6 0 0 12 36 10156    2
3006	3 1 45 135 2 6 0 0 12 36 10059   3
3006	3 1 45 135 2 6 0 0 12 36 10056    2
3006	3 1 45 135 2 6 0 0 12 36 10058   3
3006	3 1 45 135 2 6 0 0 12 36 10057    2
3006	3 1 45 135 2 6 0 0 12 36 10138   3
3006	3 1 45 135 2 6 0 0 12 36 10137    2
3006	3 1 45 135 2 6 0 0 12 36 10139   3
3006	3 1 45 135 2 6 0 0 12 36 10136    2
3006	3 1 45 135 2 6 0 0 12 36 10119   3
3006	3 1 45 135 2 6 0 0 12 36 10116    2
3006	3 1 45 135 2 6 0 0 12 36 10118   3
3006	3 1 45 135 2 6 0 0 12 36 10117    2
3006	3 1 45 135 2 6 0 0 12 36 10098   3
3006	3 1 45 135 2 6 0 0 12 36 10098    2
3006	3 1 45 135 2 6 0 0 12 36 10099   3
3006	3 1 45 135 2 6 0 0 12 36 10099    2
3006	3 1 45 135 2 6 0 0 12 36 10079   3
3006	3 1 45 135 2 6 0 0 12 36 10079    2
3006	3 1 45 135 2 6 0 0 12 36 10078   3
3006	3 1 45 135 2 6 0 0 12 36 10078    2
3006	3 1 45 135 2 6 0 0 12 36 10158   3
3006	3 1 45 135 2 6 0 0 12 36 10158    2
3006	3 1 45 135 2 6 0 0 12 36 10159   3
3006	3 1 45 135 2 6 0 0 12 36 10159    2
3006	3 1 45 135 2 6 0 0 12 36 10059   3
3006	3 1 45 135 2 6 0 0 12 36 10059    2
3006	3 1 45 135 2 6 0 0 12 36 10058   3
3006	3 1 45 135 2 6 0 0 12 36 10058    2
3006	3 1 45 135 2 6 0 0 12 36 10138   3
3006	3 1 45 135 2 6 0 0 12 36 10138    2
3006	3 1 45 135 2 6 0 0 12 36 10139   3
3006	3 1 45 135 2 6 0 0 12 36 10139    2
3006	3 1 45 135 2 6 0 0 12 36 10119   3
3006	3 1 45 135 2 6 0 0 12 36 10119    2
3006	3 1 45 135 2 6 0 0 12 36 10118   3
3006	3 1 45 135 2 6 0 0 12 36 10118    2
3007	3 1 45 135 2 6 0 0 12 36 10098   3
3007	3 1 45 135 2 6 0 0 12 36 10094    2
3007	3 1 45 135 2 6 0 0 12 36 10099   3
3007	3 1 45 135 2 6 0 0 12 36 10095    2
3007	3 1 45 135 2 6 0 0 12 36 10079   3
3007	3 1 45 135 2 6 0 0 12 36 10075    2
3007	3 1 45 135 2 6 0 0 12 36 10078   3
3007	3 1 45 135 2 6 0 0 12 36 10074    2
3007	3 1 45 135 2 6 0 0 12 36 10158   3
3007	3 1 45 135 2 6 0 0 12 36 10154    2
3007	3 1 45 135 2 6 0 0 12 36 10159   3
3007	3 1 45 135 2 6 0 0 12 36 10155    2
3007	3 1 45 135 2 6 0 0 12 36 10059   3
3007	3 1 45 135 2 6 0 0 12 36 10055    2
3007	3 1 45 135 2 6 0 0 12 36 10058   3
3007	3 1 45 135 2 6 0 0 12 36 10054    2
3007	3 1 45 135 2 6 0 0 12 36 10138   3
3007	3 1 45 135 2 6 0 0 12 36 10134    2
3007	3 1 45 135 2 6 0 0 12 36 10139   3
3007	3 1 45 135 2 6 0 0 12 36 10135    2
3007	3 1 45 135 2 6 0 0 12 36 10119   3
3007	3 1 45 135 2 6 0 0 12 36 10115    2
3007	3 1 45 135 2 6 0 0 12 36 10118   3
3007	3 1 45 135 2 6 0 0 12 36 10114    2
3007	3 1 45 135 2 6 0 0 12 36 10098   3
3007	3 1 45 135 2 6 0 0 12 36 10097    2
3007	3 1 45 135 2 6 0 0 12 36 10099   3
3007	3 1 45 135 2 6 0 0 12 36 10096    2
3007	3 1 45 135 2 6 0 0 12 36 10079   3
3007	3 1 45 135 2 6 0 0 12 36 10076    2
3007	3 1 45 135 2 6 0 0 12 36 10078   3
3007	3 1 45 135 2 6 0 0 12 36 10077    2
3007	3 1 45 135 2 6 0 0 12 36 10158   3
3007	3 1 45 135 2 6 0 0 12 36 10157    2
3007	3 1 45 135 2 6 0 0 12 36 10159   3
3007	3 1 45 135 2 6 0 0 12 36 10156    2
3007	3 1 45 135 2 6 0 0 12 36 10059   3
3007	3 1 45 135 2 6 0 0 12 36 10056    2
3007	3 1 45 135 2 6 0 0 12 36 10058   3
3007	3 1 45 135 2 6 0 0 12 36 10057    2
3007	3 1 45 135 2 6 0 0 12 36 10138   3
3007	3 1 45 135 2 6 0 0 12 36 10137    2
3007	3 1 45 135 2 6 0 0 12 36 10139   3
3007	3 1 45 135 2 6 0 0 12 36 10136    2
3007	3 1 45 135 2 6 0 0 12 36 10119   3
3007	3 1 45 135 2 6 0 0 12 36 10116    2
3007	3 1 45 135 2 6 0 0 12 36 10118   3
3007	3 1 45 135 2 6 0 0 12 36 10117    2
3007	3 1 45 135 2 6 0 0 12 36 10098   3
3007	3 1 45 135 2 6 0 0 12 36 10098    2
3007	3 1 45 135 2 6 0 0 12 36 10099   3
3007	3 1 45 135 2 6 0 0 12 36 10099    2
3007	3 1 45 135 2 6 0 0 12 36 10079   3
3007	3 1 45 135 2 6 0 0 12 36 10079    2
3007	3 1 45 135 2 6 0 0 12 36 10078   3
3007	3 1 45 135 2 6 0 0 12 36 10078    2
3007	3 1 45 135 2 6 0 0 12 36 10158   3
3007	3 1 45 135 2 6 0 0 12 36 10158    2
3007	3 1 45 135 2 6 0 0 12 36 10159   3
3007	3 1 45 135 2 6 0 0 12 36 10159    2
3007	3 1 45 135 2 6 0 0 12 36 10059   3
3007	3 1 45 135 2 6 0 0 12 36 10059    2
3007	3 1 45 135 2 6 0 0 12 36 10058   3
3007	3 1 45 135 2 6 0 0 12 36 10058    2
3007	3 1 45 135 2 6 0 0 12 36 10138   3
3007	3 1 45 135 2 6 0 0 12 36 10138    2
3007	3 1 45 135 2 6 0 0 12 36 10139   3
3007	3 1 45 135 2 6 0 0 12 36 10139    2
3007	3 1 45 135 2 6 0 0 12 36 10119   3
3007	3 1 45 135 2 6 0 0 12 36 10119    2
3007	3 1 45 135 2 6 0 0 12 36 10118   3
3007	3 1 45 135 2 6 0 0 12 36 10118    2
58377   3 1 45 22.5 2 2 0 0 12 12 10098  3
58377   3 1 45 22.5 2 2 0 0 12 12 10004   2
58377   3 1 45 22.5 2 2 0 0 12 12 10099  3
58377   3 1 45 22.5 2 2 0 0 12 12 10005   2
58377   3 1 45 22.5 2 2 0 0 12 12 10079  3
58377   3 1 45 22.5 2 2 0 0 12 12 10006   2
58377   3 1 45 22.5 2 2 0 0 12 12 10078  3
58377   3 1 45 22.5 2 2 0 0 12 12 10007   2
58377   3 1 45 22.5 2 2 0 0 12 12 10158  3
58377   3 1 45 22.5 2 2 0 0 12 12 10008   2
58377   3 1 45 22.5 2 2 0 0 12 12 10159  3
58377   3 1 45 22.5 2 2 0 0 12 12 10009   2
58377   3 1 45 22.5 2 2 0 0 12 12 10059  3
58377   3 1 45 22.5 2 2 0 0 12 12 10004   2
58377   3 1 45 22.5 2 2 0 0 12 12 10058  3
58377   3 1 45 22.5 2 2 0 0 12 12 10005   2
58377   3 1 45 22.5 2 2 0 0 12 12 10138  3
58377   3 1 45 22.5 2 2 0 0 12 12 10006   2
58377   3 1 45 22.5 2 2 0 0 12 12 10139  3
58377   3 1 45 22.5 2 2 0 0 12 12 10007   2
58377   3 1 45 22.5 2 2 0 0 12 12 10119  3
58377   3 1 45 22.5 2 2 0 0 12 12 10008   2
58377   3 1 45 22.5 2 2 0 0 12 12 10118  3
58377   3 1 45 22.5 2 2 0 0 12 12 10009   2
