  -15 1852  8 30.4719
  -14 1852  9 26.7471
  -13 1852 10 24.0374
  -12 1852 11 20.3432
  -11 1852 12 17.6563
  -10 1853  1 13.9909
   -9 1853  2 10.3326
   -8 1853  3  9.6633
   -7 1853  4  5.9612
   -6 1853  5  3.2150
   -5 1853  5 30.4308
   -4 1853  6 26.6287
   -3 1853  7 23.8327
   -2 1853  8 20.0604
   -1 1853  9 16.3248
    0 1853 10 13.6074
    1 1853 11  9.9007
    2 1853 12  7.2150
    3 1854  1  3.5441
    4 1854  1 30.8847
    5 1854  2 27.2224
    6 1854  3 26.5354
    7 1854  4 22.8066
    8 1854  5 20.0355
    9 1854  6 16.2376
   10 1854  7 13.4365
   11 1854  8  9.6535
   12 1854  9  5.8994
   13 1854 10  3.1731
   14 1854 10 30.4672
   15 1854 11 26.7760
   16 1854 12 24.0993
   17 1855  1 20.4364
   18 1855  2 16.7776
   19 1855  3 16.1029
   20 1855  4 12.3916
   21 1855  5  9.6360
   22 1855  6  5.8460
   23 1855  7  3.0433
   24 1855  7 30.2512
   25 1855  8 26.4853
   26 1855  9 22.7489
   27 1855 10 20.0359
   28 1855 11 16.3392
   29 1855 12 13.6567
   30 1856  1  9.9889
   31 1856  2  6.3304
   32 1856  3  4.6647
   33 1856  3 31.9696
   34 1856  4 28.2311
   35 1856  5 25.4524
   36 1856  6 21.6517
   37 1856  7 18.8530
   38 1856  8 15.0758
   39 1856  9 11.3282
   40 1856 10  8.6070
   41 1856 11  4.9045
   42 1856 12  2.2164
   43 1856 12 29.5429
   44 1857  1 25.8822
   45 1857  2 22.2219
   46 1857  3 21.5407
   47 1857  4 17.8199
   48 1857  5 15.0554
   49 1857  6 11.2605
   50 1857  7  8.4583
   51 1857  8  4.6710
   52 1857  8 31.9116
   53 1857  9 28.1810
   54 1857 10 25.4720
   55 1857 11 21.7784
   56 1857 12 19.0991
   57 1858  1 15.4341
   58 1858  2 11.7759
   59 1858  3 11.1056
   60 1858  4  7.4017
   61 1858  5  4.6536
   62 1858  5 31.8682
   63 1858  6 28.0660
   64 1858  7 25.2706
   65 1858  8 21.4996
   66 1858  9 17.7583
   67 1858 10 15.0418
   68 1858 11 11.3425
   69 1858 12  8.6575
   70 1859  1  4.9872
   71 1859  2  1.3280
   72 1859  2 28.6652
   73 1859  3 27.9766
   74 1859  4 24.2460
   75 1859  5 21.4733
   76 1859  6 17.6748
   77 1859  7 14.8741
   78 1859  8 11.0922
   79 1859  9  7.3394
   80 1859 10  4.6141
   81 1859 10 31.9088
   82 1859 11 28.2182
   83 1859 12 25.5421
   84 1860  1 21.8797
   85 1860  2 18.2207
   86 1860  3 16.5448
   87 1860  4 12.8317
   88 1860  5 10.0743
   89 1860  6  6.2833
   90 1860  7  3.4806
   91 1860  7 30.6894
   92 1860  8 26.9248
   93 1860  9 23.1895
   94 1860 10 20.4773
   95 1860 11 16.7812
   96 1860 12 14.0993
   97 1861  1 10.4320
   98 1861  2  6.7737
   99 1861  3  6.1072
  100 1861  4  2.4104
  101 1861  4 29.6701
  102 1861  5 26.8900
  103 1861  6 23.0889
  104 1861  7 20.2908
  105 1861  8 16.5148
  106 1861  9 12.7684
  107 1861 10 10.0482
  108 1861 11  6.3463
  109 1861 12  3.6587
  110 1861 12 30.9859
  111 1862  1 27.3255
  112 1862  2 23.6648
  113 1862  3 22.9823
  114 1862  4 19.2595
  115 1862  5 16.4934
  116 1862  6 12.6978
  117 1862  7  9.8958
  118 1862  8  6.1095
  119 1862  9  2.3514
  120 1862  9 29.6218
  121 1862 10 26.9136
  122 1862 11 23.2205
  123 1862 12 20.5418
  124 1863  1 16.8773
  125 1863  2 13.2190
  126 1863  3 12.5478
  127 1863  4  8.8422
  128 1863  5  6.0922
  129 1863  6  2.3057
  130 1863  6 29.5032
  131 1863  7 26.7086
  132 1863  8 22.9388
  133 1863  9 19.1987
  134 1863 10 16.4831
  135 1863 11 12.7844
  136 1863 12 10.1000
  137 1864  1  6.4303
  138 1864  2  2.7713
  139 1864  3  1.1079
  140 1864  3 28.4178
  141 1864  4 24.6853
  142 1864  5 21.9111
  143 1864  6 18.1120
  144 1864  7 15.3117
  145 1864  8 11.5309
  146 1864  9  7.7794
  147 1864 10  5.0551
  148 1864 11  1.3505
  149 1864 11 28.6605
  150 1864 12 25.9850
  151 1865  1 22.3230
  152 1865  2 18.6638
  153 1865  3 17.9867
  154 1865  4 14.2717
  155 1865  5 11.5126
  156 1865  6  7.7206
  157 1865  7  4.9179
  158 1865  8  1.1277
  159 1865  8 28.3643
  160 1865  9 24.6302
  161 1865 10 21.9187
  162 1865 11 18.2232
  163 1865 12 15.5419
  164 1866  1 11.8752
  165 1866  2  8.2170
  166 1866  3  7.5496
  167 1866  4  3.8512
  168 1866  5  1.1089
  169 1866  5 28.3275
  170 1866  6 24.5261
  171 1866  7 21.7287
  172 1866  8 17.9538
  173 1866  9 14.2087
  174 1866 10 11.4893
  175 1866 11  7.7881
  176 1866 12  5.1011
  177 1867  1  1.4289
  178 1867  1 28.7688
  179 1867  2 25.1077
  180 1867  3 24.4238
  181 1867  4 20.6991
  182 1867  5 17.9314
  183 1867  6 14.1350
  184 1867  7 11.3333
  185 1867  8  7.5480
  186 1867  9  3.7912
  187 1867 10  1.0627
  188 1867 10 28.3551
  189 1867 11 24.6627
  190 1867 12 21.9846
  191 1868  1 18.3206
  192 1868  2 14.6622
  193 1868  3 12.9899
  194 1868  4  9.2825
  195 1868  5  6.5308
  196 1868  6  2.7430
  197 1868  6 29.9405
  198 1868  7 27.1467
  199 1868  8 23.3781
  200 1868  9 19.6392
  201 1868 10 16.9244
  202 1868 11 13.2264
  203 1868 12 10.5425
  204 1869  1  6.8734
  205 1869  2  3.2146
  206 1869  3  2.5505
  207 1869  3 29.8589
  208 1869  4 26.1244
  209 1869  5 23.3488
  210 1869  6 19.5492
  211 1869  7 16.7494
  212 1869  8 12.9697
  213 1869  9  9.2194
  214 1869 10  6.4962
  215 1869 11  2.7922
  216 1869 11 30.1028
  217 1869 12 27.4279
  218 1870  1 23.7663
  219 1870  2 20.1068
  220 1870  3 19.4285
  221 1870  4 15.7116
  222 1870  5 12.9508
  223 1870  6  9.1578
  224 1870  7  6.3553
  225 1870  8  2.5660
  226 1870  8 29.8039
  227 1870  9 26.0709
  228 1870 10 23.3602
  229 1870 11 19.6653
  230 1870 12 16.9846
  231 1871  1 13.3184
  232 1871  2  9.6602
  233 1871  3  8.9920
  234 1871  4  5.2919
  235 1871  5  2.5478
  236 1871  5 29.7651
  237 1871  6 25.9633
  238 1871  7 23.1665
  239 1871  8 19.3929
  240 1871  9 15.6490
  241 1871 10 12.9305
  242 1871 11  9.2299
  243 1871 12  6.5435
  244 1872  1  2.8719
  245 1872  1 30.2121
  246 1872  2 26.5505
  247 1872  3 24.8652
  248 1872  4 21.1386
  249 1872  5 18.3693
  250 1872  6 14.5722
  251 1872  7 11.7708
  252 1872  8  7.9866
  253 1872  9  4.2310
  254 1872 10  1.5036
  255 1872 10 28.7967
  256 1872 11 25.1048
  257 1872 12 22.4273
  258 1873  1 18.7639
  259 1873  2 15.1054
  260 1873  3 14.4320
  261 1873  4 10.7228
  262 1873  5  7.9692
  263 1873  6  4.1804
  264 1873  7  1.3778
  265 1873  7 28.5848
  266 1873  8 24.8175
  267 1873  9 21.0797
  268 1873 10 18.3657
  269 1873 11 14.6683
  270 1873 12 11.9850
  271 1874  1  8.3165
  272 1874  2  4.6579
  273 1874  3  3.9931
  274 1874  3 31.2999
  275 1874  4 27.5636
  276 1874  5 24.7865
  277 1874  6 20.9864
  278 1874  7 18.1871
  279 1874  8 14.4086
  280 1874  9 10.6595
  281 1874 10  7.9372
  282 1874 11  4.2339
  283 1874 12  1.5451
  284 1874 12 28.8708
  285 1875  1 25.2096
  286 1875  2 21.5498
  287 1875  3 20.8702
  288 1875  4 17.1515
  289 1875  5 14.3890
  290 1875  6 10.5951
  291 1875  7  7.7927
  292 1875  8  4.0043
  293 1875  8 31.2435
  294 1875  9 27.5116
  295 1875 10 24.8017
  296 1875 11 21.1073
  297 1875 12 18.4272
  298 1876  1 14.7617
  299 1876  2 11.1034
  300 1876  3  9.4343
  301 1876  4  5.7325
  302 1876  5  2.9865
  303 1876  5 30.2025
  304 1876  6 26.4006
  305 1876  7 23.6044
  306 1876  8 19.8320
  307 1876  9 16.0893
  308 1876 10 13.3718
  309 1876 11  9.6718
  310 1876 12  6.9860
  311 1877  1  3.3150
  312 1877  1 30.6555
  313 1877  2 26.9933
  314 1877  3 26.3065
  315 1877  4 22.5781
  316 1877  5 19.8072
  317 1877  6 16.0094
  318 1877  7 13.2083
  319 1877  8  9.4252
  320 1877  9  5.6709
  321 1877 10  2.9445
  322 1877 10 30.2384
  323 1877 11 26.5470
  324 1877 12 23.8702
  325 1878  1 20.2072
  326 1878  2 16.5485
  327 1878  3 15.8739
  328 1878  4 12.1629
  329 1878  5  9.4076
  330 1878  6  5.6178
  331 1878  7  2.8151
  332 1878  7 30.0230
  333 1878  8 26.2569
  334 1878  9 22.5203
  335 1878 10 19.8071
  336 1878 11 16.1103
  337 1878 12 13.4276
  338 1879  1  9.7597
  339 1879  2  6.1012
  340 1879  3  5.4356
  341 1879  4  1.7408
  342 1879  4 29.0026
  343 1879  5 26.2241
  344 1879  6 22.4236
  345 1879  7 19.6248
  346 1879  8 15.8475
  347 1879  9 12.0997
  348 1879 10  9.3783
  349 1879 11  5.6757
  350 1879 12  2.9874
  351 1879 12 30.3138
  352 1880  1 26.6530
  353 1880  2 22.9928
  354 1880  3 21.3118
  355 1880  4 17.5912
  356 1880  5 14.8270
  357 1880  6 11.0323
  358 1880  7  8.2301
  359 1880  8  4.4427
  360 1880  8 31.6832
  361 1880  9 27.9524
  362 1880 10 25.2432
  363 1880 11 21.5494
  364 1880 12 18.8700
  365 1881  1 15.2049
  366 1881  2 11.5467
  367 1881  3 10.8766
  368 1881  4  7.1730
  369 1881  5  4.4252
  370 1881  5 31.6400
  371 1881  6 27.8378
  372 1881  7 25.0424
  373 1881  8 21.2712
  374 1881  9 17.5297
  375 1881 10 14.8130
  376 1881 11 11.1137
  377 1881 12  8.4284
  378 1882  1  4.7580
  379 1882  2  1.0988
  380 1882  2 28.4361
  381 1882  3 27.7477
  382 1882  4 24.0174
  383 1882  5 21.2450
  384 1882  6 17.4466
  385 1882  7 14.6459
  386 1882  8 10.8639
  387 1882  9  7.1109
  388 1882 10  4.3855
  389 1882 10 31.6800
  390 1882 11 27.9892
  391 1882 12 25.3130
  392 1883  1 21.6505
  393 1883  2 17.9916
  394 1883  3 17.3159
  395 1883  4 13.6030
  396 1883  5 10.8459
  397 1883  6  7.0551
  398 1883  7  4.2524
  399 1883  7 31.4612
  400 1883  8 27.6964
  401 1883  9 23.9609
  402 1883 10 21.2485
  403 1883 11 17.5523
  404 1883 12 14.8702
  405 1884  1 11.2028
  406 1884  2  7.5445
  407 1884  3  5.8781
  408 1884  4  2.1816
  409 1884  4 29.4416
  410 1884  5 26.6617
  411 1884  6 22.8608
  412 1884  7 20.0626
  413 1884  8 16.2864
  414 1884  9 12.5399
  415 1884 10  9.8195
  416 1884 11  6.1175
  417 1884 12  3.4297
  418 1884 12 30.7567
  419 1885  1 27.0963
  420 1885  2 23.4357
  421 1885  3 22.7534
  422 1885  4 19.0309
  423 1885  5 16.2651
  424 1885  6 12.4696
  425 1885  7  9.6676
  426 1885  8  5.8812
  427 1885  9  2.1230
  428 1885  9 29.3932
  429 1885 10 26.6848
  430 1885 11 22.9916
  431 1885 12 20.3127
  432 1886  1 16.6481
  433 1886  2 12.9899
  434 1886  3 12.3188
  435 1886  4  8.6134
  436 1886  5  5.8638
  437 1886  6  2.0774
  438 1886  6 29.2751
  439 1886  7 26.4804
  440 1886  8 22.7105
  441 1886  9 18.9702
  442 1886 10 16.2543
  443 1886 11 12.5555
  444 1886 12  9.8709
  445 1887  1  6.2011
  446 1887  2  2.5421
  447 1887  3  1.8788
  448 1887  3 29.1889
  449 1887  4 25.4567
  450 1887  5 22.6828
  451 1887  6 18.8838
  452 1887  7 16.0836
  453 1887  8 12.3026
  454 1887  9  8.5509
  455 1887 10  5.8265
  456 1887 11  2.1217
  457 1887 11 29.4315
  458 1887 12 26.7559
  459 1888  1 23.0938
  460 1888  2 19.4346
  461 1888  3 17.7577
  462 1888  4 14.0430
  463 1888  5 11.2842
  464 1888  6  7.4924
  465 1888  7  4.6898
  466 1888  7 31.8994
  467 1888  8 28.1359
  468 1888  9 24.4016
  469 1888 10 21.6900
  470 1888 11 17.9943
  471 1888 12 15.3128
  472 1889  1 11.6460
  473 1889  2  7.9878
  474 1889  3  7.3206
  475 1889  4  3.6224
  476 1889  4 30.8805
  477 1889  5 28.0993
  478 1889  6 24.2980
  479 1889  7 21.5005
  480 1889  8 17.7255
  481 1889  9 13.9802
  482 1889 10 11.2606
  483 1889 11  7.5592
  484 1889 12  4.8721
  485 1890  1  1.1997
  486 1890  1 28.5396
  487 1890  2 24.8786
  488 1890  3 24.1949
  489 1890  4 20.4705
  490 1890  5 17.7031
  491 1890  6 13.9068
  492 1890  7 11.1051
  493 1890  8  7.3197
  494 1890  9  3.5627
  495 1890  9 30.8340
  496 1890 10 28.1263
  497 1890 11 24.4337
  498 1890 12 21.7555
  499 1891  1 18.0914
  500 1891  2 14.4330
  501 1891  3 13.7609
  502 1891  4 10.0538
  503 1891  5  7.3023
  504 1891  6  3.5148
  505 1891  6 30.7123
  506 1891  7 27.9185
  507 1891  8 24.1498
  508 1891  9 20.4106
  509 1891 10 17.6956
  510 1891 11 13.9975
  511 1891 12 11.3134
  512 1892  1  7.6442
  513 1892  2  3.9854
  514 1892  3  2.3214
  515 1892  3 29.6300
  516 1892  4 25.8959
  517 1892  5 23.1205
  518 1892  6 19.3210
  519 1892  7 16.5212
  520 1892  8 12.7414
  521 1892  9  8.9909
  522 1892 10  6.2675
  523 1892 11  2.5634
  524 1892 11 29.8738
  525 1892 12 27.1988
  526 1893  1 23.5371
  527 1893  2 19.8777
  528 1893  3 19.1995
  529 1893  4 15.4830
  530 1893  5 12.7224
  531 1893  6  8.9297
  532 1893  7  6.1272
  533 1893  8  2.3377
  534 1893  8 29.5755
  535 1893  9 25.8423
  536 1893 10 23.1314
  537 1893 11 19.4363
  538 1893 12 16.7555
  539 1894  1 13.0892
  540 1894  2  9.4310
  541 1894  3  8.7630
  542 1894  4  5.0631
  543 1894  5  2.3193
  544 1894  5 29.5368
  545 1894  6 25.7352
  546 1894  7 22.9383
  547 1894  8 19.1645
  548 1894  9 15.4205
  549 1894 10 12.7018
  550 1894 11  9.0011
  551 1894 12  6.3145
  552 1895  1  2.6428
  553 1895  1 29.9829
  554 1895  2 26.3214
  555 1895  3 25.6363
  556 1895  4 21.9100
  557 1895  5 19.1410
  558 1895  6 15.3440
  559 1895  7 12.5426
  560 1895  8  8.7583
  561 1895  9  5.0026
  562 1895 10  2.2749
  563 1895 10 29.5679
  564 1895 11 25.8759
  565 1895 12 23.1982
  566 1896  1 19.5347
  567 1896  2 15.8762
  568 1896  3 14.2030
  569 1896  4 10.4941
  570 1896  5  7.7408
  571 1896  6  3.9522
  572 1896  7  1.1496
  573 1896  7 28.3566
  574 1896  8 24.5891
  575 1896  9 20.8512
  576 1896 10 18.1370
  577 1896 11 14.4394
  578 1896 12 11.7560
  579 1897  1  8.0874
  580 1897  2  4.4287
  581 1897  3  3.7640
  582 1897  3 31.0710
  583 1897  4 27.3350
  584 1897  5 24.5582
  585 1897  6 20.7582
  586 1897  7 17.9589
  587 1897  8 14.1803
  588 1897  9 10.4311
  589 1897 10  7.7086
  590 1897 11  4.0051
  591 1897 12  1.3161
  592 1897 12 28.6417
  593 1898  1 24.9804
  594 1898  2 21.3207
  595 1898  3 20.6412
  596 1898  4 16.9228
  597 1898  5 14.1606
  598 1898  6 10.3669
  599 1898  7  7.5645
  600 1898  8  3.7761
  601 1898  8 31.0151
  602 1898  9 27.2830
  603 1898 10 24.5729
  604 1898 11 20.8784
  605 1898 12 18.1982
  606 1899  1 14.5325
  607 1899  2 10.8743
  608 1899  3 10.2053
  609 1899  4  6.5037
  610 1899  5  3.7580
  611 1899  5 30.9743
  612 1899  6 27.1724
  613 1899  7 24.3762
  614 1899  8 20.6037
  615 1899  9 16.8608
  616 1899 10 14.1431
  617 1899 11 10.4429
  618 1899 12  7.7569
  619 1900  1  4.0858
  620 1900  1 31.4263
  621 1900  2 27.7642
  622 1900  3 27.0776
  623 1900  4 23.3495
  624 1900  5 20.5789
  625 1900  6 16.7812
  626 1900  7 13.9802
  627 1900  8 10.1969
  628 1900  9  6.4425
  629 1900 10  3.7158
  630 1900 10 31.0095
  631 1900 11 27.3180
  632 1900 12 24.6411
  633 1901  1 20.9780
  634 1901  2 17.3193
  635 1901  3 16.6450
  636 1901  4 12.9342
  637 1901  5 10.1792
  638 1901  6  6.3895
  639 1901  7  3.5869
  640 1901  7 30.7947
  641 1901  8 27.0285
  642 1901  9 23.2917
  643 1901 10 20.5784
  644 1901 11 16.8814
  645 1901 12 14.1985
  646 1902  1 10.5305
  647 1902  2  6.8720
  648 1902  3  6.2066
  649 1902  4  2.5120
  650 1902  4 29.7741
  651 1902  5 26.9959
  652 1902  6 23.1954
  653 1902  7 20.3967
  654 1902  8 16.6192
  655 1902  9 12.8712
  656 1902 10 10.1497
  657 1902 11  6.4468
  658 1902 12  3.7584
  659 1902 12 31.0846
  660 1903  1 27.4237
  661 1903  2 23.7636
  662 1903  3 23.0829
  663 1903  4 19.3626
  664 1903  5 16.5987
  665 1903  6 12.8042
  666 1903  7 10.0020
  667 1903  8  6.2145
  668 1903  9  2.4548
  669 1903  9 29.7237
  670 1903 10 27.0144
  671 1903 11 23.3205
  672 1903 12 20.6409
  673 1904  1 16.9757
  674 1904  2 13.3175
  675 1904  3 11.6475
  676 1904  4  7.9442
  677 1904  5  5.1967
  678 1904  6  1.4118
  679 1904  6 28.6097
  680 1904  7 25.8142
  681 1904  8 22.0429
  682 1904  9 18.3012
  683 1904 10 15.5843
  684 1904 11 11.8848
  685 1904 12  9.1994
  686 1905  1  5.5289
  687 1905  2  1.8696
  688 1905  3  1.2070
  689 1905  3 28.5189
  690 1905  4 24.7889
  691 1905  5 22.0167
  692 1905  6 18.2184
  693 1905  7 15.4178
  694 1905  8 11.6356
  695 1905  9  7.8824
  696 1905 10  5.1568
  697 1905 11  1.4512
  698 1905 11 28.7603
  699 1905 12 26.0839
  700 1906  1 22.4213
  701 1906  2 18.7624
  702 1906  3 18.0869
  703 1906  4 14.3744
  704 1906  5 11.6175
  705 1906  6  7.8269
  706 1906  7  5.0243
  707 1906  8  1.2329
  708 1906  8 28.4680
  709 1906  9 24.7323
  710 1906 10 22.0198
  711 1906 11 18.3234
  712 1906 12 15.6411
  713 1907  1 11.9737
  714 1907  2  8.3153
  715 1907  3  7.6491
  716 1907  4  3.9528
  717 1907  5  1.2131
  718 1907  5 28.4335
  719 1907  6 24.6326
  720 1907  7 21.8344
  721 1907  8 18.0581
  722 1907  9 14.3114
  723 1907 10 11.5908
  724 1907 11  7.8886
  725 1907 12  5.2007
  726 1908  1  1.5276
  727 1908  1 28.8671
  728 1908  2 25.2066
  729 1908  3 23.5245
  730 1908  4 19.8023
  731 1908  5 17.0367
  732 1908  6 13.2414
  733 1908  7 10.4394
  734 1908  8  6.6529
  735 1908  9  2.8945
  736 1908  9 30.1646
  737 1908 10 27.4560
  738 1908 11 23.7626
  739 1908 12 21.0836
  740 1909  1 17.4190
  741 1909  2 13.7607
  742 1909  3 13.0897
  743 1909  4  9.3847
  744 1909  5  6.6353
  745 1909  6  2.8492
  746 1909  6 30.0469
  747 1909  7 27.2522
  748 1909  8 23.4821
  749 1909  9 19.7416
  750 1909 10 17.0256
  751 1909 11 13.3267
  752 1909 12 10.6419
  753 1910  1  6.9720
  754 1910  2  3.3129
  755 1910  3  2.6497
  756 1910  3 29.9601
  757 1910  4 26.2281
  758 1910  5 23.4545
  759 1910  6 19.6556
  760 1910  7 16.8554
  761 1910  8 13.0743
  762 1910  9  9.3224
  763 1910 10  6.5978
  764 1910 11  2.8928
  765 1910 11 30.2025
  766 1910 12 27.5268
  767 1911  1 23.8646
  768 1911  2 20.2055
  769 1911  3 19.5288
  770 1911  4 15.8144
  771 1911  5 13.0558
  772 1911  6  9.2642
  773 1911  7  6.4616
  774 1911  8  2.6712
  775 1911  8 29.9075
  776 1911  9 26.1730
  777 1911 10 23.4612
  778 1911 11 19.7654
  779 1911 12 17.0838
  780 1912  1 13.4169
  781 1912  2  9.7586
  782 1912  3  8.0915
  783 1912  4  4.3936
  784 1912  5  1.6520
  785 1912  5 28.8710
  786 1912  6 25.0698
  787 1912  7 22.2723
  788 1912  8 18.4971
  789 1912  9 14.7516
  790 1912 10 12.0319
  791 1912 11  8.3304
  792 1912 12  5.6431
  793 1913  1  1.9706
  794 1913  1 29.3104
  795 1913  2 25.6494
  796 1913  3 24.9660
  797 1913  4 21.2419
  798 1913  5 18.4747
  799 1913  6 14.6786
  800 1913  7 11.8769
  801 1913  8  8.0915
  802 1913  9  4.3343
  803 1913 10  1.6054
  804 1913 10 28.8975
  805 1913 11 25.2047
  806 1913 12 22.5264
  807 1914  1 18.8622
  808 1914  2 15.2039
  809 1914  3 14.5319
  810 1914  4 10.8251
  811 1914  5  8.0739
  812 1914  6  4.2866
  813 1914  7  1.4842
  814 1914  7 28.6903
  815 1914  8 24.9214
  816 1914  9 21.1821
  817 1914 10 18.4669
  818 1914 11 14.7686
  819 1914 12 12.0844
  820 1915  1  8.4151
  821 1915  2  4.7562
  822 1915  3  4.0923
  823 1915  3 31.4012
  824 1915  4 27.6674
  825 1915  5 24.8922
  826 1915  6 21.0928
  827 1915  7 18.2930
  828 1915  8 14.5131
  829 1915  9 10.7625
  830 1915 10  8.0388
  831 1915 11  4.3345
  832 1915 12  1.6448
  833 1915 12 28.9696
  834 1916  1 25.3079
  835 1916  2 21.6485
  836 1916  3 19.9706
  837 1916  4 16.2543
  838 1916  5 13.4941
  839 1916  6  9.7015
  840 1916  7  6.8990
  841 1916  8  3.1095
  842 1916  8 30.3471
  843 1916  9 26.6137
  844 1916 10 23.9027
  845 1916 11 20.2074
  846 1916 12 17.5264
  847 1917  1 13.8601
  848 1917  2 10.2018
  849 1917  3  9.5339
  850 1917  4  5.8343
  851 1917  5  3.0908
  852 1917  5 30.3086
  853 1917  6 26.5070
  854 1917  7 23.7101
  855 1917  8 19.9362
  856 1917  9 16.1919
  857 1917 10 13.4731
  858 1917 11  9.7722
  859 1917 12  7.0855
  860 1918  1  3.4136
  861 1918  1 30.7537
  862 1918  2 27.0923
  863 1918  3 26.4074
  864 1918  4 22.6815
  865 1918  5 19.9127
  866 1918  6 16.1158
  867 1918  7 13.3144
  868 1918  8  9.5300
  869 1918  9  5.7741
  870 1918 10  3.0463
  871 1918 10 30.3391
  872 1918 11 26.6469
  873 1918 12 23.9691
  874 1919  1 20.3055
  875 1919  2 16.6470
  876 1919  3 15.9740
  877 1919  4 12.2653
  878 1919  5  9.5124
  879 1919  6  5.7240
  880 1919  7  2.9215
  881 1919  7 30.1284
  882 1919  8 26.3607
  883 1919  9 22.6226
  884 1919 10 19.9083
  885 1919 11 16.2105
  886 1919 12 13.5269
  887 1920  1  9.8582
  888 1920  2  6.1995
  889 1920  3  4.5349
  890 1920  3 31.8422
  891 1920  4 28.1065
  892 1920  5 25.3299
  893 1920  6 21.5300
  894 1920  7 18.7307
  895 1920  8 14.9520
  896 1920  9 11.2026
  897 1920 10  8.4799
  898 1920 11  4.7762
  899 1920 12  2.0870
  900 1920 12 29.4126
  901 1921  1 25.7512
  902 1921  2 22.0915
  903 1921  3 21.4123
  904 1921  4 17.6942
  905 1921  5 14.9322
  906 1921  6 11.1387
  907 1921  7  8.3364
  908 1921  8  4.5478
  909 1921  8 31.7867
  910 1921  9 28.0544
  911 1921 10 25.3441
  912 1921 11 21.6495
  913 1921 12 18.9691
  914 1922  1 15.3033
  915 1922  2 11.6451
  916 1922  3 10.9763
  917 1922  4  7.2750
  918 1922  5  4.5296
  919 1922  5 31.7461
  920 1922  6 27.9443
  921 1922  7 25.1480
  922 1922  8 21.3753
  923 1922  9 17.6323
  924 1922 10 14.9144
  925 1922 11 11.2140
  926 1922 12  8.5279
  927 1923  1  4.8566
  928 1923  2  1.1971
  929 1923  2 28.5351
  930 1923  3 27.8487
  931 1923  4 24.1209
  932 1923  5 21.3506
  933 1923  6 17.5531
  934 1923  7 14.7520
  935 1923  8 10.9686
  936 1923  9  7.2140
  937 1923 10  4.4872
  938 1923 10 31.7807
  939 1923 11 28.0891
  940 1923 12 25.4119
  941 1924  1 21.7488
  942 1924  2 18.0902
  943 1924  3 16.4160
  944 1924  4 12.7055
  945 1924  5  9.9508
  946 1924  6  6.1613
  947 1924  7  3.3588
  948 1924  7 30.5665
  949 1924  8 26.8001
  950 1924  9 23.0631
  951 1924 10 20.3496
  952 1924 11 16.6525
  953 1924 12 13.9695
  954 1925  1 10.3013
  955 1925  2  6.6428
  956 1925  3  5.9775
  957 1925  4  2.2832
  958 1925  4 29.5456
  959 1925  5 26.7676
  960 1925  6 22.9672
  961 1925  7 20.1685
  962 1925  8 16.3909
  963 1925  9 12.6427
  964 1925 10  9.9210
  965 1925 11  6.2180
  966 1925 12  3.5294
  967 1925 12 30.8555
  968 1926  1 27.1945
  969 1926  2 23.5345
  970 1926  3 22.8540
  971 1926  4 19.1340
  972 1926  5 16.3703
  973 1926  6 12.5760
  974 1926  7  9.7738
  975 1926  8  5.9862
  976 1926  9  2.2264
  977 1926  9 29.4952
  978 1926 10 26.7856
  979 1926 11 23.0915
  980 1926 12 20.4118
  981 1927  1 16.7465
  982 1927  2 13.0883
  983 1927  3 12.4185
  984 1927  4  8.7155
  985 1927  5  5.9683
  986 1927  6  2.1835
  987 1927  6 29.3815
  988 1927  7 26.5860
  989 1927  8 22.8145
  990 1927  9 19.0726
  991 1927 10 16.3556
  992 1927 11 12.6559
  993 1927 12  9.9704
  994 1928  1  6.2997
  995 1928  2  2.6404
  996 1928  2 29.9779
  997 1928  3 28.2900
  998 1928  4 24.5603
  999 1928  5 21.7884
 1000 1928  6 17.9903
 1001 1928  7 15.1896
 1002 1928  8 11.4073
 1003 1928  9  7.6540
 1004 1928 10  4.9282
 1005 1928 11  1.2224
 1006 1928 11 28.5313
 1007 1928 12 25.8548
 1008 1929  1 22.1921
 1009 1929  2 18.5333
 1010 1929  3 17.8579
 1011 1929  4 14.1457
 1012 1929  5 11.3892
 1013 1929  6  7.5987
 1014 1929  7  4.7961
 1015 1929  8  1.0047
 1016 1929  8 28.2396
 1017 1929  9 24.5038
 1018 1929 10 21.7910
 1019 1929 11 18.0944
 1020 1929 12 15.4121
 1021 1930  1 11.7445
 1022 1930  2  8.0861
 1023 1930  3  7.4200
 1024 1930  4  3.7241
 1025 1930  4 30.9846
 1026 1930  5 28.2052
 1027 1930  6 24.4044
 1028 1930  7 21.6063
 1029 1930  8 17.8298
 1030 1930  9 14.0829
 1031 1930 10 11.3621
 1032 1930 11  7.6597
 1033 1930 12  4.9717
 1034 1931  1  1.2985
 1035 1931  1 28.6379
 1036 1931  2 24.9774
 1037 1931  3 24.2955
 1038 1931  4 20.5737
 1039 1931  5 17.8084
 1040 1931  6 14.0132
 1041 1931  7 11.2113
 1042 1931  8  7.4247
 1043 1931  9  3.6661
 1044 1931  9 30.9359
 1045 1931 10 28.2272
 1046 1931 11 24.5336
 1047 1931 12 21.8545
 1048 1932  1 18.1898
 1049 1932  2 14.5315
 1050 1932  3 12.8607
 1051 1932  4  9.1560
 1052 1932  5  6.4069
 1053 1932  6  2.6210
 1054 1932  6 29.8188
 1055 1932  7 27.0240
 1056 1932  8 23.2537
 1057 1932  9 19.5131
 1058 1932 10 16.7969
 1059 1932 11 13.0978
 1060 1932 12 10.4128
 1061 1933  1  6.7428
 1062 1933  2  3.0837
 1063 1933  3  2.4206
 1064 1933  3 29.7312
 1065 1933  4 25.9996
 1066 1933  5 23.2262
 1067 1933  6 19.4275
 1068 1933  7 16.6272
 1069 1933  8 12.8460
 1070 1933  9  9.0940
 1071 1933 10  6.3691
 1072 1933 11  2.6640
 1073 1933 11 29.9735
 1074 1933 12 27.2976
 1075 1934  1 23.6354
 1076 1934  2 19.9763
 1077 1934  3 19.2998
 1078 1934  4 15.5857
 1079 1934  5 12.8275
 1080 1934  6  9.0360
 1081 1934  7  6.2335
 1082 1934  8  2.4429
 1083 1934  8 29.6791
 1084 1934  9 25.9444
 1085 1934 10 23.2324
 1086 1934 11 19.5364
 1087 1934 12 16.8547
 1088 1935  1 13.1877
 1089 1935  2  9.5294
 1090 1935  3  8.8625
 1091 1935  4  5.1648
 1092 1935  5  2.4235
 1093 1935  5 29.6428
 1094 1935  6 25.8417
 1095 1935  7 23.0441
 1096 1935  8 19.2688
 1097 1935  9 15.5231
 1098 1935 10 12.8033
 1099 1935 11  9.1015
 1100 1935 12  6.4141
 1101 1936  1  2.7414
 1102 1936  1 30.0812
 1103 1936  2 26.4203
 1104 1936  3 24.7371
 1105 1936  4 21.0133
 1106 1936  5 18.2464
 1107 1936  6 14.4505
 1108 1936  7 11.6488
 1109 1936  8  7.8632
 1110 1936  9  4.1059
 1111 1936 10  1.3768
 1112 1936 10 28.6687
 1113 1936 11 24.9758
 1114 1936 12 22.2972
 1115 1937  1 18.6330
 1116 1937  2 14.9747
 1117 1937  3 14.3029
 1118 1937  4 10.5963
 1119 1937  5  7.8455
 1120 1937  6  4.0584
 1121 1937  7  1.2560
 1122 1937  7 28.4620
 1123 1937  8 24.6930
 1124 1937  9 20.9535
 1125 1937 10 18.2382
 1126 1937 11 14.5397
 1127 1937 12 11.8553
 1128 1938  1  8.1859
 1129 1938  2  4.5270
 1130 1938  3  3.8632
 1131 1938  3 31.1723
 1132 1938  4 27.4388
 1133 1938  5 24.6639
 1134 1938  6 20.8647
 1135 1938  7 18.0649
 1136 1938  8 14.2848
 1137 1938  9 10.5340
 1138 1938 10  7.8102
 1139 1938 11  4.1057
 1140 1938 12  1.4158
 1141 1938 12 28.7405
 1142 1939  1 25.0787
 1143 1939  2 21.4194
 1144 1939  3 20.7416
 1145 1939  4 17.0257
 1146 1939  5 14.2657
 1147 1939  6 10.4733
 1148 1939  7  7.6708
 1149 1939  8  3.8812
 1150 1939  8 31.1187
 1151 1939  9 27.3851
 1152 1939 10 24.6739
 1153 1939 11 20.9785
 1154 1939 12 18.2973
 1155 1940  1 14.6309
 1156 1940  2 10.9727
 1157 1940  3  9.3049
 1158 1940  4  5.6056
 1159 1940  5  2.8623
 1160 1940  5 30.0803
 1161 1940  6 26.2789
 1162 1940  7 23.4819
 1163 1940  8 19.7079
 1164 1940  9 15.9634
 1165 1940 10 13.2444
 1166 1940 11  9.5433
 1167 1940 12  6.8565
 1168 1941  1  3.1845
 1169 1941  1 30.5245
 1170 1941  2 26.8632
 1171 1941  3 26.1785
 1172 1941  4 22.4529
 1173 1941  5 19.6843
 1174 1941  6 15.8877
 1175 1941  7 13.0863
 1176 1941  8  9.3018
 1177 1941  9  5.5457
 1178 1941 10  2.8177
 1179 1941 10 30.1103
 1180 1941 11 26.4179
 1181 1941 12 23.7400
 1182 1942  1 20.0763
 1183 1942  2 16.4178
 1184 1942  3 15.7450
 1185 1942  4 12.0366
 1186 1942  5  9.2840
 1187 1942  6  5.4958
 1188 1942  7  2.6933
 1189 1942  7 29.9001
 1190 1942  8 26.1324
 1191 1942  9 22.3940
 1192 1942 10 19.6795
 1193 1942 11 15.9816
 1194 1942 12 13.2979
 1195 1943  1  9.6290
 1196 1943  2  5.9703
 1197 1943  3  5.3059
 1198 1943  4  1.6134
 1199 1943  4 28.8780
 1200 1943  5 26.1016
 1201 1943  6 22.3019
 1202 1943  7 19.5026
 1203 1943  8 15.7237
 1204 1943  9 11.9741
 1205 1943 10  9.2512
 1206 1943 11  5.5474
 1207 1943 12  2.8581
 1208 1943 12 30.1834
 1209 1944  1 26.5220
 1210 1944  2 22.8624
 1211 1944  3 21.1834
 1212 1944  4 17.4656
 1213 1944  5 14.7039
 1214 1944  6 10.9105
 1215 1944  7  8.1082
 1216 1944  8  4.3196
 1217 1944  8 31.5583
 1218 1944  9 27.8258
 1219 1944 10 25.1154
 1220 1944 11 21.4205
 1221 1944 12 18.7400
 1222 1945  1 15.0741
 1223 1945  2 11.4159
 1224 1945  3 10.7472
 1225 1945  4  7.0462
 1226 1945  5  4.3011
 1227 1945  5 31.5178
 1228 1945  6 27.7161
 1229 1945  7 24.9198
 1230 1945  8 21.1470
 1231 1945  9 17.4037
 1232 1945 10 14.6856
 1233 1945 11 10.9852
 1234 1945 12  8.2989
 1235 1946  1  4.6275
 1236 1946  1 31.9679
 1237 1946  2 28.3060
 1238 1946  3 27.6199
 1239 1946  4 23.8923
 1240 1946  5 21.1222
 1241 1946  6 17.3249
 1242 1946  7 14.5238
 1243 1946  8 10.7404
 1244 1946  9  6.9856
 1245 1946 10  4.2586
 1246 1946 10 31.5519
 1247 1946 11 27.8601
 1248 1946 12 25.1828
 1249 1947  1 21.5196
 1250 1947  2 17.8610
 1251 1947  3 17.1870
 1252 1947  4 13.4769
 1253 1947  5 10.7224
 1254 1947  6  6.9331
 1255 1947  7  4.1306
 1256 1947  7 31.3383
 1257 1947  8 27.5718
 1258 1947  9 23.8346
 1259 1947 10 21.1209
 1260 1947 11 17.4236
 1261 1947 12 14.7404
 1262 1948  1 11.0722
 1263 1948  2  7.4136
 1264 1948  3  5.7484
 1265 1948  4  2.0544
 1266 1948  4 29.3171
 1267 1948  5 26.5393
 1268 1948  6 22.7391
 1269 1948  7 19.9403
 1270 1948  8 16.1625
 1271 1948  9 12.4142
 1272 1948 10  9.6923
 1273 1948 11  5.9891
 1274 1948 12  3.3004
 1275 1948 12 30.6264
 1276 1949  1 26.9653
 1277 1949  2 23.3054
 1278 1949  3 22.6250
 1279 1949  4 18.9054
 1280 1949  5 16.1420
 1281 1949  6 12.3478
 1282 1949  7  9.5457
 1283 1949  8  5.7580
 1284 1949  9  1.9980
 1285 1949  9 29.2665
 1286 1949 10 26.5569
 1287 1949 11 22.8626
 1288 1949 12 20.1827
 1289 1950  1 16.5173
 1290 1950  2 12.8591
 1291 1950  3 12.1895
 1292 1950  4  8.4867
 1293 1950  5  5.7398
 1294 1950  6  1.9553
 1295 1950  6 29.1534
 1296 1950  7 26.3578
 1297 1950  8 22.5862
 1298 1950  9 18.8441
 1299 1950 10 16.1269
 1300 1950 11 12.4270
 1301 1950 12  9.7413
 1302 1951  1  6.0706
 1303 1951  2  2.4112
 1304 1951  3  1.7488
 1305 1951  3 29.0612
 1306 1951  4 25.3317
 1307 1951  5 22.5601
 1308 1951  6 18.7621
 1309 1951  7 15.9614
 1310 1951  8 12.1790
 1311 1951  9  8.4255
 1312 1951 10  5.6995
 1313 1951 11  1.9935
 1314 1951 11 29.3023
 1315 1951 12 26.6257
 1316 1952  1 22.9629
 1317 1952  2 19.3041
 1318 1952  3 17.6290
 1319 1952  4 13.9170
 1320 1952  5 11.1608
 1321 1952  6  7.3705
 1322 1952  7  4.5680
 1323 1952  7 31.7765
 1324 1952  8 28.0112
 1325 1952  9 24.2752
 1326 1952 10 21.5623
 1327 1952 11 17.8655
 1328 1952 12 15.1830
 1329 1953  1 11.5153
 1330 1953  2  7.8569
 1331 1953  3  7.1910
 1332 1953  4  3.4952
 1333 1953  4 30.7561
 1334 1953  5 27.9769
 1335 1953  6 24.1763
 1336 1953  7 21.3781
 1337 1953  8 17.6015
 1338 1953  9 13.8544
 1339 1953 10 11.1334
 1340 1953 11  7.4309
 1341 1953 12  4.7427
 1342 1954  1  1.0693
 1343 1954  1 28.4087
 1344 1954  2 24.7483
 1345 1954  3 24.0666
 1346 1954  4 20.3451
 1347 1954  5 17.5800
 1348 1954  6 13.7850
 1349 1954  7 10.9831
 1350 1954  8  7.1964
 1351 1954  9  3.4377
 1352 1954  9 30.7073
 1353 1954 10 27.9984
 1354 1954 11 24.3047
 1355 1954 12 21.6254
 1356 1955  1 17.9606
 1357 1955  2 14.3023
 1358 1955  3 13.6317
 1359 1955  4  9.9272
 1360 1955  5  7.1785
 1361 1955  6  3.3927
 1362 1955  6 30.5906
 1363 1955  7 27.7958
 1364 1955  8 24.0254
 1365 1955  9 20.2845
 1366 1955 10 17.5682
 1367 1955 11 13.8689
 1368 1955 12 11.1838
 1369 1956  1  7.5136
 1370 1956  2  3.8545
 1371 1956  3  2.1915
 1372 1956  3 29.5024
 1373 1956  4 25.7711
 1374 1956  5 22.9979
 1375 1956  6 19.1993
 1376 1956  7 16.3990
 1377 1956  8 12.6178
 1378 1956  9  8.8655
 1379 1956 10  6.1405
 1380 1956 11  2.4352
 1381 1956 11 29.7445
 1382 1956 12 27.0685
 1383 1957  1 23.4062
 1384 1957  2 19.7472
 1385 1957  3 19.0709
 1386 1957  4 15.3570
 1387 1957  5 12.5991
 1388 1957  6  8.8078
 1389 1957  7  6.0053
 1390 1957  8  2.2147
 1391 1957  8 29.4507
 1392 1957  9 25.7158
 1393 1957 10 23.0037
 1394 1957 11 19.3075
 1395 1957 12 16.6256
 1396 1958  1 12.9585
 1397 1958  2  9.3002
 1398 1958  3  8.6334
 1399 1958  4  4.9361
 1400 1958  5  2.1950
 1401 1958  5 29.4145
 1402 1958  6 25.6135
 1403 1958  7 22.8159
 1404 1958  8 19.0405
 1405 1958  9 15.2946
 1406 1958 10 12.5746
 1407 1958 11  8.8727
 1408 1958 12  6.1851
 1409 1959  1  2.5123
 1410 1959  1 29.8520
 1411 1959  2 26.1912
 1412 1959  3 25.5082
 1413 1959  4 21.7847
 1414 1959  5 19.0181
 1415 1959  6 15.2223
 1416 1959  7 12.4206
 1417 1959  8  8.6349
 1418 1959  9  4.8774
 1419 1959 10  2.1482
 1420 1959 10 29.4399
 1421 1959 11 25.7468
 1422 1959 12 23.0681
 1423 1960  1 19.4038
 1424 1960  2 15.7455
 1425 1960  3 14.0739
 1426 1960  4 10.3676
 1427 1960  5  7.6170
 1428 1960  6  3.8302
 1429 1960  7  1.0279
 1430 1960  7 28.2338
 1431 1960  8 24.4647
 1432 1960  9 20.7250
 1433 1960 10 18.0095
 1434 1960 11 14.3108
 1435 1960 12 11.6263
 1436 1961  1  7.9567
 1437 1961  2  4.2978
 1438 1961  3  3.6342
 1439 1961  3 30.9435
 1440 1961  4 27.2103
 1441 1961  5 24.4357
 1442 1961  6 20.6365
 1443 1961  7 17.8367
 1444 1961  8 14.0565
 1445 1961  9 10.3055
 1446 1961 10  7.5815
 1447 1961 11  3.8769
 1448 1961 12  1.1868
 1449 1961 12 28.5114
 1450 1962  1 24.8495
 1451 1962  2 21.1902
 1452 1962  3 20.5127
 1453 1962  4 16.7970
 1454 1962  5 14.0373
 1455 1962  6 10.2451
 1456 1962  7  7.4427
 1457 1962  8  3.6530
 1458 1962  8 30.8903
 1459 1962  9 27.1565
 1460 1962 10 24.4451
 1461 1962 11 20.7495
 1462 1962 12 18.0683
 1463 1963  1 14.4017
 1464 1963  2 10.7435
 1465 1963  3 10.0758
 1466 1963  4  6.3768
 1467 1963  5  3.6339
 1468 1963  5 30.8521
 1469 1963  6 27.0507
 1470 1963  7 24.2538
 1471 1963  8 20.4795
 1472 1963  9 16.7349
 1473 1963 10 14.0157
 1474 1963 11 10.3145
 1475 1963 12  7.6275
 1476 1964  1  3.9553
 1477 1964  1 31.2953
 1478 1964  2 27.6341
 1479 1964  3 25.9496
 1480 1964  4 22.2243
 1481 1964  5 19.4560
 1482 1964  6 15.6595
 1483 1964  7 12.8581
 1484 1964  8  9.0735
 1485 1964  9  5.3173
 1486 1964 10  2.5890
 1487 1964 10 29.8815
 1488 1964 11 26.1890
 1489 1964 12 23.5109
 1490 1965  1 19.8471
 1491 1965  2 16.1887
 1492 1965  3 15.5160
 1493 1965  4 11.8079
 1494 1965  5  9.0555
 1495 1965  6  5.2675
 1496 1965  7  2.4652
 1497 1965  7 29.6719
 1498 1965  8 25.9040
 1499 1965  9 22.1655
 1500 1965 10 19.4508
 1501 1965 11 15.7527
 1502 1965 12 13.0688
 1503 1966  1  9.3998
 1504 1966  2  5.7411
 1505 1966  3  5.0768
 1506 1966  4  1.3846
 1507 1966  4 28.6495
 1508 1966  5 25.8734
 1509 1966  6 22.0737
 1510 1966  7 19.2744
 1511 1966  8 15.4954
 1512 1966  9 11.7456
 1513 1966 10  9.0225
 1514 1966 11  5.3186
 1515 1966 12  2.6291
 1516 1966 12 29.9543
 1517 1967  1 26.2928
 1518 1967  2 22.6332
 1519 1967  3 21.9544
 1520 1967  4 18.2369
 1521 1967  5 15.4755
 1522 1967  6 11.6823
 1523 1967  7  8.8801
 1524 1967  8  5.0913
 1525 1967  9  1.3299
 1526 1967  9 28.5972
 1527 1967 10 25.8866
 1528 1967 11 22.1916
 1529 1967 12 19.5109
 1530 1968  1 15.8449
 1531 1968  2 12.1867
 1532 1968  3 10.5182
 1533 1968  4  6.8174
 1534 1968  5  4.0727
 1535 1968  5 31.2896
 1536 1968  6 27.4880
 1537 1968  7 24.6917
 1538 1968  8 20.9187
 1539 1968  9 17.1752
 1540 1968 10 14.4569
 1541 1968 11 10.7563
 1542 1968 12  8.0699
 1543 1969  1  4.3983
 1544 1969  1 31.7387
 1545 1969  2 28.0769
 1546 1969  3 27.3910
 1547 1969  4 23.6638
 1548 1969  5 20.8939
 1549 1969  6 17.0967
 1550 1969  7 14.2957
 1551 1969  8 10.5121
 1552 1969  9  6.7571
 1553 1969 10  4.0299
 1554 1969 10 31.3231
 1555 1969 11 27.6311
 1556 1969 12 24.9537
 1557 1970  1 21.2904
 1558 1970  2 17.6318
 1559 1970  3 16.9580
 1560 1970  4 13.2482
 1561 1970  5 10.4940
 1562 1970  6  6.7049
 1563 1970  7  3.9025
 1564 1970  7 31.1101
 1565 1970  8 27.3434
 1566 1970  9 23.6060
 1567 1970 10 20.8921
 1568 1970 11 17.1947
 1569 1970 12 14.5114
 1570 1971  1 10.8430
 1571 1971  2  7.1844
 1572 1971  3  6.5194
 1573 1971  4  2.8255
 1574 1971  4 30.0886
 1575 1971  5 27.3110
 1576 1971  6 23.5109
 1577 1971  7 20.7121
 1578 1971  8 16.9342
 1579 1971  9 13.1857
 1580 1971 10 10.4636
 1581 1971 11  6.7603
 1582 1971 12  4.0714
 1583 1971 12 31.3972
 1584 1972  1 27.7361
 1585 1972  2 24.0762
 1586 1972  3 22.3961
 1587 1972  4 18.6767
 1588 1972  5 15.9136
 1589 1972  6 12.1196
 1590 1972  7  9.3175
 1591 1972  8  5.5297
 1592 1972  9  1.7695
 1593 1972  9 29.0379
 1594 1972 10 26.3281
 1595 1972 11 22.6337
 1596 1972 12 19.9536
 1597 1973  1 16.2881
 1598 1973  2 12.6300
 1599 1973  3 11.9605
 1600 1973  4  8.2580
 1601 1973  5  5.5114
 1602 1973  6  1.7271
 1603 1973  6 28.9252
 1604 1973  7 26.1296
 1605 1973  8 22.3578
 1606 1973  9 18.6156
 1607 1973 10 15.8982
 1608 1973 11 12.1981
 1609 1973 12  9.5123
 1610 1974  1  5.8414
 1611 1974  2  2.1820
 1612 1974  3  1.5197
 1613 1974  3 28.8323
 1614 1974  4 25.1032
 1615 1974  5 22.3318
 1616 1974  6 18.5339
 1617 1974  7 15.7333
 1618 1974  8 11.9508
 1619 1974  9  8.1971
 1620 1974 10  5.4709
 1621 1974 11  1.7647
 1622 1974 11 29.0733
 1623 1974 12 26.3966
 1624 1975  1 22.7337
 1625 1975  2 19.0749
 1626 1975  3 18.4000
 1627 1975  4 14.6883
 1628 1975  5 11.9324
 1629 1975  6  8.1423
 1630 1975  7  5.3398
 1631 1975  8  1.5483
 1632 1975  8 28.7828
 1633 1975  9 25.0466
 1634 1975 10 22.3335
 1635 1975 11 18.6366
 1636 1975 12 15.9539
 1637 1976  1 12.2861
 1638 1976  2  8.6277
 1639 1976  3  6.9619
 1640 1976  4  3.2664
 1641 1976  4 30.5276
 1642 1976  5 27.7487
 1643 1976  6 23.9481
 1644 1976  7 21.1499
 1645 1976  8 17.3732
 1646 1976  9 13.6259
 1647 1976 10 10.9047
 1648 1976 11  7.2020
 1649 1976 12  4.5137
 1650 1976 12 31.8402
 1651 1977  1 28.1795
 1652 1977  2 24.5192
 1653 1977  3 23.8377
 1654 1977  4 20.1165
 1655 1977  5 17.3517
 1656 1977  6 13.5569
 1657 1977  7 10.7550
 1658 1977  8  6.9682
 1659 1977  9  3.2092
 1660 1977  9 30.4787
 1661 1977 10 27.7696
 1662 1977 11 24.0758
 1663 1977 12 21.3963
 1664 1978  1 17.7314
 1665 1978  2 14.0732
 1666 1978  3 13.4027
 1667 1978  4  9.6985
 1668 1978  5  6.9500
 1669 1978  6  3.1645
 1670 1978  6 30.3625
 1671 1978  7 27.5676
 1672 1978  8 23.7970
 1673 1978  9 20.0560
 1674 1978 10 17.3394
 1675 1978 11 13.6400
 1676 1978 12 10.9548
 1677 1979  1  7.2845
 1678 1979  2  3.6253
 1679 1979  3  2.9624
 1680 1979  3 30.2735
 1681 1979  4 26.5425
 1682 1979  5 23.7696
 1683 1979  6 19.9711
 1684 1979  7 17.1709
 1685 1979  8 13.3895
 1686 1979  9  9.6370
 1687 1979 10  6.9118
 1688 1979 11  3.2064
 1689 1979 11 30.5156
 1690 1979 12 27.8394
 1691 1980  1 24.1770
 1692 1980  2 20.5180
 1693 1980  3 18.8419
 1694 1980  4 15.1284
 1695 1980  5 12.3707
 1696 1980  6  8.5796
 1697 1980  7  5.7772
 1698 1980  8  1.9865
 1699 1980  8 29.2223
 1700 1980  9 25.4872
 1701 1980 10 22.7749
 1702 1980 11 19.0786
 1703 1980 12 16.3966
 1704 1981  1 12.7293
 1705 1981  2  9.0710
 1706 1981  3  8.4044
 1707 1981  4  4.7073
 1708 1981  5  1.9665
 1709 1981  5 29.1863
 1710 1981  6 25.3854
 1711 1981  7 22.5877
 1712 1981  8 18.8122
 1713 1981  9 15.0661
 1714 1981 10 12.3459
 1715 1981 11  8.6438
 1716 1981 12  5.9561
 1717 1982  1  2.2832
 1718 1982  1 29.6228
 1719 1982  2 25.9621
 1720 1982  3 25.2793
 1721 1982  4 21.5561
 1722 1982  5 18.7897
 1723 1982  6 14.9941
 1724 1982  7 12.1925
 1725 1982  8  8.4067
 1726 1982  9  4.6490
 1727 1982 10  1.9195
 1728 1982 10 29.2111
 1729 1982 11 25.5179
 1730 1982 12 22.8391
 1731 1983  1 19.1747
 1732 1983  2 15.5164
 1733 1983  3 14.8449
 1734 1983  4 11.1389
 1735 1983  5  8.3886
 1736 1983  6  4.6019
 1737 1983  7  1.7997
 1738 1983  7 29.0056
 1739 1983  8 25.2363
 1740 1983  9 21.4964
 1741 1983 10 18.7807
 1742 1983 11 15.0819
 1743 1983 12 12.3973
 1744 1984  1  8.7276
 1745 1984  2  5.0686
 1746 1984  3  3.4051
 1747 1984  3 30.7147
 1748 1984  4 26.9818
 1749 1984  5 24.2074
 1750 1984  6 20.4084
 1751 1984  7 17.6085
 1752 1984  8 13.8282
 1753 1984  9 10.0770
 1754 1984 10  7.3528
 1755 1984 11  3.6480
 1756 1984 11 30.9578
 1757 1984 12 28.2823
 1758 1985  1 24.6203
 1759 1985  2 20.9611
 1760 1985  3 20.2837
 1761 1985  4 16.5684
 1762 1985  5 13.8089
 1763 1985  6 10.0169
 1764 1985  7  7.2145
 1765 1985  8  3.4248
 1766 1985  8 30.6619
 1767 1985  9 26.9279
 1768 1985 10 24.2164
 1769 1985 11 20.5206
 1770 1985 12 17.8392
 1771 1986  1 14.1725
 1772 1986  2 10.5143
 1773 1986  3  9.8468
 1774 1986  4  6.1480
 1775 1986  5  3.4054
 1776 1986  5 30.6238
 1777 1986  6 26.8226
 1778 1986  7 24.0256
 1779 1986  8 20.2512
 1780 1986  9 16.5064
 1781 1986 10 13.7870
 1782 1986 11 10.0856
 1783 1986 12  7.3984
 1784 1987  1  3.7262
 1785 1987  1 31.0661
 1786 1987  2 27.4049
 1787 1987  3 26.7207
 1788 1987  4 22.9957
 1789 1987  5 20.2277
 1790 1987  6 16.4313
 1791 1987  7 13.6300
 1792 1987  8  9.8452
 1793 1987  9  6.0888
 1794 1987 10  3.3604
 1795 1987 10 30.6527
 1796 1987 11 26.9600
 1797 1987 12 24.2818
 1798 1988  1 20.6179
 1799 1988  2 16.9595
 1800 1988  3 15.2870
 1801 1988  4 11.5792
 1802 1988  5  8.8271
 1803 1988  6  5.0393
 1804 1988  7  2.2370
 1805 1988  7 29.4437
 1806 1988  8 25.6756
 1807 1988  9 21.9369
 1808 1988 10 19.2221
 1809 1988 11 15.5238
 1810 1988 12 12.8398
 1811 1989  1  9.1707
 1812 1989  2  5.5120
 1813 1989  3  4.8477
 1814 1989  4  1.1557
 1815 1989  4 28.4209
 1816 1989  5 25.6451
 1817 1989  6 21.8456
 1818 1989  7 19.0462
 1819 1989  8 15.2671
 1820 1989  9 11.5171
 1821 1989 10  8.7939
 1822 1989 11  5.0897
 1823 1989 12  2.4001
 1824 1989 12 29.7252
 1825 1990  1 26.0636
 1826 1990  2 22.4041
 1827 1990  3 21.7255
 1828 1990  4 18.0083
 1829 1990  5 15.2471
 1830 1990  6 11.4542
 1831 1990  7  8.6519
 1832 1990  8  4.8631
 1833 1990  9  1.1015
 1834 1990  9 28.3686
 1835 1990 10 25.6578
 1836 1990 11 21.9627
 1837 1990 12 19.2818
 1838 1991  1 15.6157
 1839 1991  2 11.9575
 1840 1991  3 11.2892
 1841 1991  4  7.5887
 1842 1991  5  4.8442
 1843 1991  6  1.0613
 1844 1991  6 28.2598
 1845 1991  7 25.4635
 1846 1991  8 21.6903
 1847 1991  9 17.9467
 1848 1991 10 15.2282
 1849 1991 11 11.5274
 1850 1991 12  8.8408
 1851 1992  1  5.1692
 1852 1992  2  1.5095
 1853 1992  2 28.8478
 1854 1992  3 27.1621
 1855 1992  4 23.4352
 1856 1992  5 20.6656
 1857 1992  6 16.8686
 1858 1992  7 14.0675
 1859 1992  8 10.2838
 1860 1992  9  6.5287
 1861 1992 10  3.8013
 1862 1992 10 31.0943
 1863 1992 11 27.4022
 1864 1992 12 24.7246
 1865 1993  1 21.0612
 1866 1993  2 17.4027
 1867 1993  3 16.7291
 1868 1993  4 13.0195
 1869 1993  5 10.2656
 1870 1993  6  6.4767
 1871 1993  7  3.6744
 1872 1993  7 30.8819
 1873 1993  8 27.1150
 1874 1993  9 23.3775
 1875 1993 10 20.6634
 1876 1993 11 16.9658
 1877 1993 12 14.2823
 1878 1994  1 10.6138
 1879 1994  2  6.9553
 1880 1994  3  6.2903
 1881 1994  4  2.5967
 1882 1994  4 29.8600
 1883 1994  5 27.0828
 1884 1994  6 23.2828
 1885 1994  7 20.4839
 1886 1994  8 16.7059
 1887 1994  9 12.9572
 1888 1994 10 10.2350
 1889 1994 11  6.5315
 1890 1994 12  3.8424
 1891 1994 12 31.1681
 1892 1995  1 27.5070
 1893 1995  2 23.8471
 1894 1995  3 23.1672
 1895 1995  4 19.4481
 1896 1995  5 16.6853
 1897 1995  6 12.8914
 1898 1995  7 10.0894
 1899 1995  8  6.3015
 1900 1995  9  2.5411
 1901 1995  9 29.8093
 1902 1995 10 27.0993
 1903 1995 11 23.4047
 1904 1995 12 20.7245
 1905 1996  1 17.0590
 1906 1996  2 13.4008
 1907 1996  3 11.7315
 1908 1996  4  8.0293
 1909 1996  5  5.2829
 1910 1996  6  1.4988
 1911 1996  6 28.6971
 1912 1996  7 25.9014
 1913 1996  8 22.1295
 1914 1996  9 18.3871
 1915 1996 10 15.6695
 1916 1996 11 11.9693
 1917 1996 12  9.2833
 1918 1997  1  5.6122
 1919 1997  2  1.9528
 1920 1997  3  1.2906
 1921 1997  3 28.6034
 1922 1997  4 24.8746
 1923 1997  5 22.1035
 1924 1997  6 18.3058
 1925 1997  7 15.5051
 1926 1997  8 11.7225
 1927 1997  9  7.9686
 1928 1997 10  5.2422
 1929 1997 11  1.5359
 1930 1997 11 28.8444
 1931 1997 12 26.1674
 1932 1998  1 22.5045
 1933 1998  2 18.8458
 1934 1998  3 18.1710
 1935 1998  4 14.4596
 1936 1998  5 11.7040
 1937 1998  6  7.9141
 1938 1998  7  5.1117
 1939 1998  8  1.3200
 1940 1998  8 28.5544
 1941 1998  9 24.8180
 1942 1998 10 22.1048
 1943 1998 11 18.4077
 1944 1998 12 15.7249
 1945 1999  1 12.0570
 1946 1999  2  8.3986
 1947 1999  3  7.7328
 1948 1999  4  4.0377
 1949 1999  5  1.2991
 1950 1999  5 28.5204
 1951 1999  6 24.7200
 1952 1999  7 21.9217
 1953 1999  8 18.1449
 1954 1999  9 14.3974
 1955 1999 10 11.6761
 1956 1999 11  7.9732
 1957 1999 12  5.2847
 1958 2000  1  1.6111
 1959 2000  1 28.9503
 1960 2000  2 25.2900
 1961 2000  3 23.6088
 1962 2000  4 19.8878
 1963 2000  5 17.1234
 1964 2000  6 13.3287
 1965 2000  7 10.5268
 1966 2000  8  6.7399
 1967 2000  9  2.9808
 1968 2000  9 30.2501
 1969 2000 10 27.5408
 1970 2000 11 23.8468
 1971 2000 12 21.1672
 1972 2001  1 17.5022
 1973 2001  2 13.8440
 1974 2001  3 13.1737
 1975 2001  4  9.4698
 1976 2001  5  6.7216
 1977 2001  6  2.9363
 1978 2001  6 30.1343
 1979 2001  7 27.3394
 1980 2001  8 23.5687
 1981 2001  9 19.8275
 1982 2001 10 17.1107
 1983 2001 11 13.4111
 1984 2001 12 10.7257
 1985 2002  1  7.0553
 1986 2002  2  3.3961
 1987 2002  3  2.7333
 1988 2002  3 30.0447
 1989 2002  4 26.3140
 1990 2002  5 23.5413
 1991 2002  6 19.7430
 1992 2002  7 16.9427
 1993 2002  8 13.1612
 1994 2002  9  9.4086
 1995 2002 10  6.6832
 1996 2002 11  2.9776
 1997 2002 11 30.2866
 1998 2002 12 27.6103
 1999 2003  1 23.9478
 2000 2003  2 20.2889
 2001 2003  3 19.6129
 2002 2003  4 15.8997
 2003 2003  5 13.1423
 2004 2003  6  9.3514
 2005 2003  7  6.5490
 2006 2003  8  2.7583
 2007 2003  8 29.9939
 2008 2003  9 26.2587
 2009 2003 10 23.5462
 2010 2003 11 19.8497
 2011 2003 12 17.1675
 2012 2004  1 13.5002
 2013 2004  2  9.8418
 2014 2004  3  8.1753
 2015 2004  4  4.4785
 2016 2004  5  1.7380
 2017 2004  5 28.9580
 2018 2004  6 25.1572
 2019 2004  7 22.3595
 2020 2004  8 18.5839
 2021 2004  9 14.8376
 2022 2004 10 12.1172
 2023 2004 11  8.4150
 2024 2004 12  5.7271
 2025 2005  1  2.0540
 2026 2005  1 29.3936
 2027 2005  2 25.7330
 2028 2005  3 25.0504
 2029 2005  4 21.3275
 2030 2005  5 18.5614
 2031 2005  6 14.7659
 2032 2005  7 11.9643
 2033 2005  8  8.1784
 2034 2005  9  4.4206
 2035 2005 10  1.6909
 2036 2005 10 28.9824
 2037 2005 11 25.2889
 2038 2005 12 22.6100
 2039 2006  1 18.9455
 2040 2006  2 15.2872
 2041 2006  3 14.6159
 2042 2006  4 10.9102
 2043 2006  5  8.1602
 2044 2006  6  4.3737
 2045 2006  7  1.5716
 2046 2006  7 28.7774
 2047 2006  8 25.0080
 2048 2006  9 21.2679
 2049 2006 10 18.5520
 2050 2006 11 14.8530
 2051 2006 12 12.1682
 2052 2007  1  8.4984
 2053 2007  2  4.8395
 2054 2007  3  4.1760
 2055 2007  3 31.4858
 2056 2007  4 27.7532
 2057 2007  5 24.9791
 2058 2007  6 21.1802
 2059 2007  7 18.3804
 2060 2007  8 14.6000
 2061 2007  9 10.8486
 2062 2007 10  8.1242
 2063 2007 11  4.4192
 2064 2007 12  1.7288
 2065 2007 12 29.0532
 2066 2008  1 25.3911
 2067 2008  2 21.7319
 2068 2008  3 20.0548
 2069 2008  4 16.3397
 2070 2008  5 13.5806
 2071 2008  6  9.7887
 2072 2008  7  6.9864
 2073 2008  8  3.1965
 2074 2008  8 30.4335
 2075 2008  9 26.6993
 2076 2008 10 23.9876
 2077 2008 11 20.2917
 2078 2008 12 17.6101
 2079 2009  1 13.9433
 2080 2009  2 10.2851
 2081 2009  3  9.6178
 2082 2009  4  5.9192
 2083 2009  5  3.1769
 2084 2009  5 30.3956
 2085 2009  6 26.5944
 2086 2009  7 23.7974
 2087 2009  8 20.0229
 2088 2009  9 16.2779
 2089 2009 10 13.5584
 2090 2009 11  9.8567
 2091 2009 12  7.1694
 2092 2010  1  3.4970
 2093 2010  1 30.8369
 2094 2010  2 27.1758
 2095 2010  3 26.4918
 2096 2010  4 22.7671
 2097 2010  5 19.9994
 2098 2010  6 16.2032
 2099 2010  7 13.4018
 2100 2010  8  9.6170
 2101 2010  9  5.8604
 2102 2010 10  3.1318
 2103 2010 10 30.4239
 2104 2010 11 26.7311
 2105 2010 12 24.0527
 2106 2011  1 20.3887
 2107 2011  2 16.7304
 2108 2011  3 16.0580
 2109 2011  4 12.3505
 2110 2011  5  9.5987
 2111 2011  6  5.8111
 2112 2011  7  3.0089
 2113 2011  7 30.2155
 2114 2011  8 26.4473
 2115 2011  9 22.7084
 2116 2011 10 19.9933
 2117 2011 11 16.2949
 2118 2011 12 13.6107
 2119 2012  1  9.9415
 2120 2012  2  6.2828
 2121 2012  3  4.6186
 2122 2012  3 31.9269
 2123 2012  4 28.1924
 2124 2012  5 25.4168
 2125 2012  6 21.6174
 2126 2012  7 18.8181
 2127 2012  8 15.0388
 2128 2012  9 11.2887
 2129 2012 10  8.5652
 2130 2012 11  4.8609
 2131 2012 12  2.1711
 2132 2012 12 29.4961
 2133 2013  1 25.8344
 2134 2013  2 22.1750
 2135 2013  3 21.4966
 2136 2013  4 17.7796
 2137 2013  5 15.0188
 2138 2013  6 11.2260
 2139 2013  7  8.4238
 2140 2013  8  4.6349
 2141 2013  8 31.8731
 2142 2013  9 28.1400
 2143 2013 10 25.4291
 2144 2013 11 21.7337
 2145 2013 12 19.0528
 2146 2014  1 15.3866
 2147 2014  2 11.7284
 2148 2014  3 11.0601
 2149 2014  4  7.3599
 2150 2014  5  4.6157
 2151 2014  5 31.8331
 2152 2014  6 28.0317
 2153 2014  7 25.2353
 2154 2014  8 21.4620
 2155 2014  9 17.7182
 2156 2014 10 14.9995
 2157 2014 11 11.2986
 2158 2014 12  8.6118
 2159 2015  1  4.9401
 2160 2015  2  1.2803
 2161 2015  2 28.6187
 2162 2015  3 27.9332
 2163 2015  4 24.2066
 2164 2015  5 21.4373
 2165 2015  6 17.6404
 2166 2015  7 14.8394
 2167 2015  8 11.0556
 2168 2015  9  7.3003
 2169 2015 10  4.5727
 2170 2015 10 31.8655
 2171 2015 11 28.1732
 2172 2015 12 25.4955
 2173 2016  1 21.8320
 2174 2016  2 18.1735
 2175 2016  3 16.5001
 2176 2016  4 12.7908
 2177 2016  5 10.0372
 2178 2016  6  6.2485
 2179 2016  7  3.4462
 2180 2016  7 30.6536
 2181 2016  8 26.8866
 2182 2016  9 23.1489
 2183 2016 10 20.4347
 2184 2016 11 16.7369
 2185 2016 12 14.0533
 2186 2017  1 10.3847
 2187 2017  2  6.7261
 2188 2017  3  6.0612
 2189 2017  4  2.3679
 2190 2017  4 29.6315
 2191 2017  5 26.8545
 2192 2017  6 23.0546
 2193 2017  7 20.2558
 2194 2017  8 16.4776
 2195 2017  9 12.7288
 2196 2017 10 10.0063
 2197 2017 11  6.3026
 2198 2017 12  3.6134
 2199 2017 12 30.9390
 2200 2018  1 27.2778
 2201 2018  2 23.6180
 2202 2018  3 22.9383
 2203 2018  4 19.2195
 2204 2018  5 16.4569
 2205 2018  6 12.6633
 2206 2018  7  9.8612
 2207 2018  8  6.0733
 2208 2018  9  2.3127
 2209 2018  9 29.5808
 2210 2018 10 26.8706
 2211 2018 11 23.1758
 2212 2018 12 20.4955
 2213 2019  1 16.8298
 2214 2019  2 13.1716
 2215 2019  3 12.5024
 2216 2019  4  8.8005
 2217 2019  5  6.0545
 2218 2019  6  2.2706
 2219 2019  6 29.4689
 2220 2019  7 26.6732
 2221 2019  8 22.9011
 2222 2019  9 19.1585
 2223 2019 10 16.4408
 2224 2019 11 12.7404
 2225 2019 12 10.0543
 2226 2020  1  6.3831
 2227 2020  2  2.7236
 2228 2020  3  1.0615
 2229 2020  3 28.3746
 2230 2020  4 24.6461
 2231 2020  5 21.8752
 2232 2020  6 18.0776
 2233 2020  7 15.2769
 2234 2020  8 11.4942
 2235 2020  9  7.7402
 2236 2020 10  5.0136
 2237 2020 11  1.3071
 2238 2020 11 28.6154
 2239 2020 12 25.9383
 2240 2021  1 22.2753
 2241 2021  2 18.6166
 2242 2021  3 17.9421
 2243 2021  4 14.2309
 2244 2021  5 11.4756
 2245 2021  6  7.6859
 2246 2021  7  4.8835
 2247 2021  8  1.0918
 2248 2021  8 28.3261
 2249 2021  9 24.5895
 2250 2021 10 21.8761
 2251 2021 11 18.1788
 2252 2021 12 15.4958
 2253 2022  1 11.8278
 2254 2022  2  8.1694
 2255 2022  3  7.5038
 2256 2022  4  3.8089
 2257 2022  5  1.0706
 2258 2022  5 28.2922
 2259 2022  6 24.4918
 2260 2022  7 21.6935
 2261 2022  8 17.9166
 2262 2022  9 14.1689
 2263 2022 10 11.4474
 2264 2022 11  7.7444
 2265 2022 12  5.0557
 2266 2023  1  1.3819
 2267 2023  1 28.7211
 2268 2023  2 25.0609
 2269 2023  3 24.3799
 2270 2023  4 20.6592
 2271 2023  5 17.8950
 2272 2023  6 14.1005
 2273 2023  7 11.2987
 2274 2023  8  7.5117
 2275 2023  9  3.7524
 2276 2023 10  1.0215
 2277 2023 10 28.3121
 2278 2023 11 24.6179
 2279 2023 12 21.9382
 2280 2024  1 18.2730
 2281 2024  2 14.6148
 2282 2024  3 12.9447
 2283 2024  4  9.2410
 2284 2024  5  6.4931
 2285 2024  6  2.7081
 2286 2024  6 29.9062
 2287 2024  7 27.1112
 2288 2024  8 23.3403
 2289 2024  9 19.5989
 2290 2024 10 16.8820
 2291 2024 11 13.1823
 2292 2024 12 10.4967
 2293 2025  1  6.8262
 2294 2025  2  3.1669
 2295 2025  3  2.5042
 2296 2025  3 29.8158
 2297 2025  4 26.0854
 2298 2025  5 23.3130
 2299 2025  6 19.5148
 2300 2025  7 16.7145
 2301 2025  8 12.9329
 2302 2025  9  9.1801
 2303 2025 10  6.4546
 2304 2025 11  2.7488
 2305 2025 11 30.0576
 2306 2025 12 27.3812
 2307 2026  1 23.7186
 2308 2026  2 20.0597
 2309 2026  3 19.3840
 2310 2026  4 15.6710
 2311 2026  5 12.9139
 2312 2026  6  9.1232
 2313 2026  7  6.3209
 2314 2026  8  2.5300
 2315 2026  8 29.7656
 2316 2026  9 26.0301
 2317 2026 10 23.3174
 2318 2026 11 19.6208
 2319 2026 12 16.9384
 2320 2027  1 13.2710
 2321 2027  2  9.6127
 2322 2027  3  8.9463
 2323 2027  4  5.2497
 2324 2027  5  2.5095
 2325 2027  5 29.7298
 2326 2027  6 25.9291
 2327 2027  7 23.1314
 2328 2027  8 19.3555
 2329 2027  9 15.6091
 2330 2027 10 12.8885
 2331 2027 11  9.1861
 2332 2027 12  6.4981
 2333 2028  1  2.8249
 2334 2028  1 30.1644
 2335 2028  2 26.5038
 2336 2028  3 24.8215
 2337 2028  4 21.0989
 2338 2028  5 18.3331
 2339 2028  6 14.5378
 2340 2028  7 11.7362
 2341 2028  8  7.9502
 2342 2028  9  4.1922
 2343 2028 10  1.4623
 2344 2028 10 28.7536
 2345 2028 11 25.0600
 2346 2028 12 22.3809
 2347 2029  1 18.7163
 2348 2029  2 15.0580
 2349 2029  3 14.3869
 2350 2029  4 10.6815
 2351 2029  5  7.9317
 2352 2029  6  4.1455
 2353 2029  7  1.3435
 2354 2029  7 28.5492
 2355 2029  8 24.7796
 2356 2029  9 21.0394
 2357 2029 10 18.3233
 2358 2029 11 14.6241
 2359 2029 12 11.9392
 2360 2030  1  8.2693
 2361 2030  2  4.6103
 2362 2030  3  3.9469
 2363 2030  3 31.2570
 2364 2030  4 27.5247
 2365 2030  5 24.7508
 2366 2030  6 20.9520
 2367 2030  7 18.1522
 2368 2030  8 14.3717
 2369 2030  9 10.6201
 2370 2030 10  7.8956
 2371 2030 11  4.1904
 2372 2030 12  1.4999
 2373 2030 12 28.8241
 2374 2031  1 25.1619
 2375 2031  2 21.5028
 2376 2031  3 20.8258
 2377 2031  4 17.1111
 2378 2031  5 14.3522
 2379 2031  6 10.5605
 2380 2031  7  7.7583
 2381 2031  8  3.9683
 2382 2031  8 31.2051
 2383 2031  9 27.4708
 2384 2031 10 24.7589
 2385 2031 11 21.0628
 2386 2031 12 18.3811
 2387 2032  1 14.7142
 2388 2032  2 11.0559
 2389 2032  3  9.3887
 2390 2032  4  5.6905
 2391 2032  5  2.9484
 2392 2032  5 30.1673
 2393 2032  6 26.3663
 2394 2032  7 23.5692
 2395 2032  8 19.7946
 2396 2032  9 16.0494
 2397 2032 10 13.3297
 2398 2032 11  9.6279
 2399 2032 12  6.9404
 2400 2033  1  3.2679
 2401 2033  1 30.6078
 2402 2033  2 26.9467
 2403 2033  3 26.2630
 2404 2033  4 22.5385
 2405 2033  5 19.7711
 2406 2033  6 15.9750
 2407 2033  7 13.1737
 2408 2033  8  9.3887
 2409 2033  9  5.6320
 2410 2033 10  2.9032
 2411 2033 10 30.1951
 2412 2033 11 26.5021
 2413 2033 12 23.8236
 2414 2034  1 20.1595
 2415 2034  2 16.5012
 2416 2034  3 15.8290
 2417 2034  4 12.1218
 2418 2034  5  9.3703
 2419 2034  6  5.5829
 2420 2034  7  2.7808
 2421 2034  7 29.9873
 2422 2034  8 26.2189
 2423 2034  9 22.4798
 2424 2034 10 19.7646
 2425 2034 11 16.0660
 2426 2034 12 13.3817
 2427 2035  1  9.7124
 2428 2035  2  6.0536
 2429 2035  3  5.3896
 2430 2035  4  1.6981
 2431 2035  4 28.9639
 2432 2035  5 26.1885
 2433 2035  6 22.3893
 2434 2035  7 19.5899
 2435 2035  8 15.8105
 2436 2035  9 12.0602
 2437 2035 10  9.3366
 2438 2035 11  5.6321
 2439 2035 12  2.9421
 2440 2035 12 30.2669
 2441 2036  1 26.6052
 2442 2036  2 22.9458
 2443 2036  3 21.2676
 2444 2036  4 17.5510
 2445 2036  5 14.7904
 2446 2036  6 10.9978
 2447 2036  7  8.1957
 2448 2036  8  4.4066
 2449 2036  8 31.6447
 2450 2036  9 27.9114
 2451 2036 10 25.2003
 2452 2036 11 21.5048
 2453 2036 12 18.8237
 2454 2037  1 15.1574
 2455 2037  2 11.4992
 2456 2037  3 10.8311
 2457 2037  4  7.1312
 2458 2037  5  4.3873
 2459 2037  5 31.6049
 2460 2037  6 27.8035
 2461 2037  7 25.0071
 2462 2037  8 21.2337
 2463 2037  9 17.4897
 2464 2037 10 14.7709
 2465 2037 11 11.0697
 2466 2037 12  8.3828
 2467 2038  1  4.7109
 2468 2038  2  1.0511
 2469 2038  2 28.3896
 2470 2038  3 27.7044
 2471 2038  4 23.9780
 2472 2038  5 21.2090
 2473 2038  6 17.4122
 2474 2038  7 14.6112
 2475 2038  8 10.8273
 2476 2038  9  7.0718
 2477 2038 10  4.3441
 2478 2038 10 31.6367
 2479 2038 11 27.9443
 2480 2038 12 25.2664
 2481 2039  1 21.6028
 2482 2039  2 17.9444
 2483 2039  3 17.2711
 2484 2039  4 13.5621
 2485 2039  5 10.8088
 2486 2039  6  7.0203
 2487 2039  7  4.2181
 2488 2039  7 31.4254
 2489 2039  8 27.6583
 2490 2039  9 23.9204
 2491 2039 10 21.2059
 2492 2039 11 17.5080
 2493 2039 12 14.8242
 2494 2040  1 11.1555
 2495 2040  2  7.4969
 2496 2040  3  5.8322
 2497 2040  4  2.1391
 2498 2040  4 29.4030
 2499 2040  5 26.6262
 2500 2040  6 22.8265
 2501 2040  7 20.0276
 2502 2040  8 16.2493
 2503 2040  9 12.5003
 2504 2040 10  9.7776
 2505 2040 11  6.0738
 2506 2040 12  3.3844
 2507 2040 12 30.7099
 2508 2041  1 27.0486
 2509 2041  2 23.3888
 2510 2041  3 22.7094
 2511 2041  4 18.9908
 2512 2041  5 16.2286
 2513 2041  6 12.4351
 2514 2041  7  9.6331
 2515 2041  8  5.8450
 2516 2041  9  2.0843
 2517 2041  9 29.3522
 2518 2041 10 26.6418
 2519 2041 11 22.9469
 2520 2041 12 20.2664
 2521 2042  1 16.6006
 2522 2042  2 12.9424
 2523 2042  3 12.2734
 2524 2042  4  8.5718
 2525 2042  5  5.8260
 2526 2042  6  2.0424
 2527 2042  6 29.2408
 2528 2042  7 26.4450
 2529 2042  8 22.6728
 2530 2042  9 18.9300
 2531 2042 10 16.2121
 2532 2042 11 12.5115
 2533 2042 12  9.8252
 2534 2043  1  6.1540
 2535 2043  2  2.4944
 2536 2043  3  1.8324
 2537 2043  3 29.1457
 2538 2043  4 25.4175
 2539 2043  5 22.6469
 2540 2043  6 18.8495
 2541 2043  7 16.0488
 2542 2043  8 12.2659
 2543 2043  9  8.5117
 2544 2043 10  5.7850
 2545 2043 11  2.0783
 2546 2043 11 29.3865
 2547 2043 12 26.7092
 2548 2044  1 23.0461
 2549 2044  2 19.3875
 2550 2044  3 17.7131
 2551 2044  4 14.0023
 2552 2044  5 11.2472
 2553 2044  6  7.4577
 2554 2044  7  4.6554
 2555 2044  7 31.8636
 2556 2044  8 28.0977
 2557 2044  9 24.3609
 2558 2044 10 21.6473
 2559 2044 11 17.9499
 2560 2044 12 15.2668
 2561 2045  1 11.5986
 2562 2045  2  7.9402
 2563 2045  3  7.2747
 2564 2045  4  3.5801
 2565 2045  4 30.8421
 2566 2045  5 28.0639
 2567 2045  6 24.2637
 2568 2045  7 21.4654
 2569 2045  8 17.6883
 2570 2045  9 13.9404
 2571 2045 10 11.2187
 2572 2045 11  7.5155
 2573 2045 12  4.8267
 2574 2046  1  1.1528
 2575 2046  1 28.4919
 2576 2046  2 24.8318
 2577 2046  3 24.1510
 2578 2046  4 20.4306
 2579 2046  5 17.6667
 2580 2046  6 13.8723
 2581 2046  7 11.0705
 2582 2046  8  7.2834
 2583 2046  9  3.5240
 2584 2046  9 30.7929
 2585 2046 10 28.0833
 2586 2046 11 24.3890
 2587 2046 12 21.7091
 2588 2047  1 18.0439
 2589 2047  2 14.3857
 2590 2047  3 13.7157
 2591 2047  4 10.0123
 2592 2047  5  7.2647
 2593 2047  6  3.4798
 2594 2047  6 30.6780
 2595 2047  7 27.8830
 2596 2047  8 24.1120
 2597 2047  9 20.3704
 2598 2047 10 17.6533
 2599 2047 11 13.9534
 2600 2047 12 11.2677
 2601 2048  1  7.5970
 2602 2048  2  3.9378
 2603 2048  3  2.2751
 2604 2048  3 29.5870
 2605 2048  4 25.8569
 2606 2048  5 23.0847
 2607 2048  6 19.2867
 2608 2048  7 16.4864
 2609 2048  8 12.7046
 2610 2048  9  8.9517
 2611 2048 10  6.2259
 2612 2048 11  2.5200
 2613 2048 11 29.8287
 2614 2048 12 27.1521
 2615 2049  1 23.4894
 2616 2049  2 19.8306
 2617 2049  3 19.1550
 2618 2049  4 15.4424
 2619 2049  5 12.6855
 2620 2049  6  8.8950
 2621 2049  7  6.0927
 2622 2049  8  2.3018
 2623 2049  8 29.5372
 2624 2049  9 25.8015
 2625 2049 10 23.0887
 2626 2049 11 19.3919
 2627 2049 12 16.7094
 2628 2050  1 13.0418
 2629 2050  2  9.3835
 2630 2050  3  8.7172
 2631 2050  4  5.0209
 2632 2050  5  2.2811
 2633 2050  5 29.5015
 2634 2050  6 25.7009
 2635 2050  7 22.9032
 2636 2050  8 19.1272
 2637 2050  9 15.3806
 2638 2050 10 12.6598
 2639 2050 11  8.9573
 2640 2050 12  6.2691
 2641 2051  1  2.5958
 2642 2051  1 29.9352
 2643 2051  2 26.2747
 2644 2051  3 25.5926
 2645 2051  4 21.8703
 2646 2051  5 19.1047
 2647 2051  6 15.3096
 2648 2051  7 12.5080
 2649 2051  8  8.7219
 2650 2051  9  4.9638
 2651 2051 10  2.2337
 2652 2051 10 29.5248
 2653 2051 11 25.8311
 2654 2051 12 23.1518
 2655 2052  1 19.4871
 2656 2052  2 15.8289
 2657 2052  3 14.1579
 2658 2052  4 10.4527
 2659 2052  5  7.7033
 2660 2052  6  3.9173
 2661 2052  7  1.1153
 2662 2052  7 28.3210
 2663 2052  8 24.5513
 2664 2052  9 20.8108
 2665 2052 10 18.0946
 2666 2052 11 14.3953
 2667 2052 12 11.7102
 2668 2053  1  8.0401
 2669 2053  2  4.3811
 2670 2053  3  3.7178
 2671 2053  3 31.0282
 2672 2053  4 27.2961
 2673 2053  5 24.5225
 2674 2053  6 20.7239
 2675 2053  7 17.9240
 2676 2053  8 14.1434
 2677 2053  9 10.3917
 2678 2053 10  7.6669
 2679 2053 11  3.9616
 2680 2053 12  1.2709
 2681 2053 12 28.5949
 2682 2054  1 24.9327
 2683 2054  2 21.2737
 2684 2054  3 20.5969
 2685 2054  4 16.8824
 2686 2054  5 14.1238
 2687 2054  6 10.3323
 2688 2054  7  7.5301
 2689 2054  8  3.7401
 2690 2054  8 30.9767
 2691 2054  9 27.2422
 2692 2054 10 24.5301
 2693 2054 11 20.8339
 2694 2054 12 18.1520
 2695 2055  1 14.4850
 2696 2055  2 10.8268
 2697 2055  3 10.1597
 2698 2055  4  6.4617
 2699 2055  5  3.7200
 2700 2055  5 30.9391
 2701 2055  6 27.1381
 2702 2055  7 24.3410
 2703 2055  8 20.5663
 2704 2055  9 16.8209
 2705 2055 10 14.1010
 2706 2055 11 10.3991
 2707 2055 12  7.7114
 2708 2056  1  4.0388
 2709 2056  1 31.3786
 2710 2056  2 27.7176
 2711 2056  3 26.0341
 2712 2056  4 22.3099
 2713 2056  5 19.5427
 2714 2056  6 15.7468
 2715 2056  7 12.9455
 2716 2056  8  9.1605
 2717 2056  9  5.4035
 2718 2056 10  2.6746
 2719 2056 10 29.9664
 2720 2056 11 26.2732
 2721 2056 12 23.5946
 2722 2057  1 19.9304
 2723 2057  2 16.2720
 2724 2057  3 15.6000
 2725 2057  4 11.8931
 2726 2057  5  9.1419
 2727 2057  6  5.3547
 2728 2057  7  2.5526
 2729 2057  7 29.7591
 2730 2057  8 25.9906
 2731 2057  9 22.2513
 2732 2057 10 19.5359
 2733 2057 11 15.8372
 2734 2057 12 13.1527
 2735 2058  1  9.4832
 2736 2058  2  5.8244
 2737 2058  3  5.1605
 2738 2058  4  1.4693
 2739 2058  4 28.7354
 2740 2058  5 25.9603
 2741 2058  6 22.1611
 2742 2058  7 19.3617
 2743 2058  8 15.5822
 2744 2058  9 11.8317
 2745 2058 10  9.1079
 2746 2058 11  5.4033
 2747 2058 12  2.7131
 2748 2058 12 30.0378
 2749 2059  1 26.3761
 2750 2059  2 22.7167
 2751 2059  3 22.0387
 2752 2059  4 18.3223
 2753 2059  5 15.5621
 2754 2059  6 11.7696
 2755 2059  7  8.9675
 2756 2059  8  5.1784
 2757 2059  9  1.4163
 2758 2059  9 28.6829
 2759 2059 10 25.9716
 2760 2059 11 22.2759
 2761 2059 12 19.5946
 2762 2060  1 15.9282
 2763 2060  2 12.2700
 2764 2060  3 10.6021
 2765 2060  4  6.9024
 2766 2060  5  4.1588
 2767 2060  5 31.3766
 2768 2060  6 27.5754
 2769 2060  7 24.7789
 2770 2060  8 21.0053
 2771 2060  9 17.2612
 2772 2060 10 14.5422
 2773 2060 11 10.8409
 2774 2060 12  8.1538
 2775 2061  1  4.4818
 2776 2061  1 31.8219
 2777 2061  2 28.1605
 2778 2061  3 27.4755
 2779 2061  4 23.7495
 2780 2061  5 20.9807
 2781 2061  6 17.1841
 2782 2061  7 14.3831
 2783 2061  8 10.5990
 2784 2061  9  6.8434
 2785 2061 10  4.1155
 2786 2061 10 31.4079
 2787 2061 11 27.7153
 2788 2061 12 25.0373
 2789 2062  1 21.3737
 2790 2062  2 17.7152
 2791 2062  3 17.0421
 2792 2062  4 13.3334
 2793 2062  5 10.5804
 2794 2062  6  6.7921
 2795 2062  7  3.9899
 2796 2062  7 31.1972
 2797 2062  8 27.4299
 2798 2062  9 23.6918
 2799 2062 10 20.9772
 2800 2062 11 17.2791
 2801 2062 12 14.5952
 2802 2063  1 10.9263
 2803 2063  2  7.2677
 2804 2063  3  6.6031
 2805 2063  4  2.9103
 2806 2063  4 30.1745
 2807 2063  5 27.3980
 2808 2063  6 23.5983
 2809 2063  7 20.7994
 2810 2063  8 17.0211
 2811 2063  9 13.2718
 2812 2063 10 10.5490
 2813 2063 11  6.8450
 2814 2063 12  4.1554
 2815 2063 12 31.4807
 2816 2064  1 27.8194
 2817 2064  2 24.1597
 2818 2064  3 22.4804
 2819 2064  4 18.7622
 2820 2064  5 16.0002
 2821 2064  6 12.2069
 2822 2064  7  9.4049
 2823 2064  8  5.6168
 2824 2064  9  1.8559
 2825 2064  9 29.1236
 2826 2064 10 26.4130
 2827 2064 11 22.7180
 2828 2064 12 20.0373
 2829 2065  1 16.3714
 2830 2065  2 12.7133
 2831 2065  3 12.0444
 2832 2065  4  8.3430
 2833 2065  5  5.5976
 2834 2065  6  1.8141
 2835 2065  6 29.0127
 2836 2065  7 26.2168
 2837 2065  8 22.4445
 2838 2065  9 18.7015
 2839 2065 10 15.9834
 2840 2065 11 12.2827
 2841 2065 12  9.5962
 2842 2066  1  5.9248
 2843 2066  2  2.2652
 2844 2066  3  1.6033
 2845 2066  3 28.9169
 2846 2066  4 25.1889
 2847 2066  5 22.4186
 2848 2066  6 18.6213
 2849 2066  7 15.8206
 2850 2066  8 12.0377
 2851 2066  9  8.2833
 2852 2066 10  5.5564
 2853 2066 11  1.8495
 2854 2066 11 29.1575
 2855 2066 12 26.4801
 2856 2067  1 22.8169
 2857 2067  2 19.1583
 2858 2067  3 18.4841
 2859 2067  4 14.7736
 2860 2067  5 12.0188
 2861 2067  6  8.2295
 2862 2067  7  5.4273
 2863 2067  8  1.6354
 2864 2067  8 28.8693
 2865 2067  9 25.1324
 2866 2067 10 22.4186
 2867 2067 11 18.7210
 2868 2067 12 16.0378
 2869 2068  1 12.3695
 2870 2068  2  8.7110
 2871 2068  3  7.0457
 2872 2068  4  3.3513
 2873 2068  4 30.6136
 2874 2068  5 27.8356
 2875 2068  6 24.0356
 2876 2068  7 21.2372
 2877 2068  8 17.4600
 2878 2068  9 13.7120
 2879 2068 10 10.9901
 2880 2068 11  7.2867
 2881 2068 12  4.5977
 2882 2068 12 31.9237
 2883 2069  1 28.2627
 2884 2069  2 24.6027
 2885 2069  3 23.9221
 2886 2069  4 20.2020
 2887 2069  5 17.4383
 2888 2069  6 13.6442
 2889 2069  7 10.8424
 2890 2069  8  7.0552
 2891 2069  9  3.2956
 2892 2069  9 30.5643
 2893 2069 10 27.8545
 2894 2069 11 24.1600
 2895 2069 12 21.4800
 2896 2070  1 17.8147
 2897 2070  2 14.1565
 2898 2070  3 13.4867
 2899 2070  4  9.7836
 2900 2070  5  7.0363
 2901 2070  6  3.2516
 2902 2070  6 30.4499
 2903 2070  7 27.6548
 2904 2070  8 23.8837
 2905 2070  9 20.1419
 2906 2070 10 17.4246
 2907 2070 11 13.7245
 2908 2070 12 11.0387
 2909 2071  1  7.3679
 2910 2071  2  3.7086
 2911 2071  3  3.0460
 2912 2071  3 30.3581
 2913 2071  4 26.6283
 2914 2071  5 23.8564
 2915 2071  6 20.0585
 2916 2071  7 17.2582
 2917 2071  8 13.4764
 2918 2071  9  9.7232
 2919 2071 10  6.9973
 2920 2071 11  3.2912
 2921 2071 11 30.5997
 2922 2071 12 27.9230
 2923 2072  1 24.2602
 2924 2072  2 20.6014
 2925 2072  3 18.9261
 2926 2072  4 15.2137
 2927 2072  5 12.4572
 2928 2072  6  8.6668
 2929 2072  7  5.8646
 2930 2072  8  2.0736
 2931 2072  8 29.3088
 2932 2072  9 25.5730
 2933 2072 10 22.8600
 2934 2072 11 19.1630
 2935 2072 12 16.4803
 2936 2073  1 12.8127
 2937 2073  2  9.1543
 2938 2073  3  8.4882
 2939 2073  4  4.7921
 2940 2073  5  2.0526
 2941 2073  5 29.2733
 2942 2073  6 25.4728
 2943 2073  7 22.6750
 2944 2073  8 18.8989
 2945 2073  9 15.1522
 2946 2073 10 12.4312
 2947 2073 11  8.7284
 2948 2073 12  6.0401
 2949 2074  1  2.3666
 2950 2074  1 29.7060
 2951 2074  2 26.0456
 2952 2074  3 25.3637
 2953 2074  4 21.6417
 2954 2074  5 18.8764
 2955 2074  6 15.0814
 2956 2074  7 12.2799
 2957 2074  8  8.4937
 2958 2074  9  4.7353
 2959 2074 10  2.0051
 2960 2074 10 29.2960
 2961 2074 11 25.6021
 2962 2074 12 22.9227
 2963 2075  1 19.2579
 2964 2075  2 15.5997
 2965 2075  3 14.9289
 2966 2075  4 11.2240
 2967 2075  5  8.4749
 2968 2075  6  4.6891
 2969 2075  7  1.8872
 2970 2075  7 29.0928
 2971 2075  8 25.3229
 2972 2075  9 21.5823
 2973 2075 10 18.8659
 2974 2075 11 15.1664
 2975 2075 12 12.4811
 2976 2076  1  8.8110
 2977 2076  2  5.1519
 2978 2076  3  3.4888
 2979 2076  3 30.7993
 2980 2076  4 27.0676
 2981 2076  5 24.2942
 2982 2076  6 20.4957
 2983 2076  7 17.6959
 2984 2076  8 13.9151
 2985 2076  9 10.1632
 2986 2076 10  7.4383
 2987 2076 11  3.7328
 2988 2076 12  1.0419
 2989 2076 12 28.3658
 2990 2077  1 24.7036
 2991 2077  2 21.0445
 2992 2077  3 20.3680
 2993 2077  4 16.6537
 2994 2077  5 13.8955
 2995 2077  6 10.1041
 2996 2077  7  7.3020
 2997 2077  8  3.5119
 2998 2077  8 30.7483
 2999 2077  9 27.0136
